assignment_7/pihm/Nov1120241019/RasterProcessing/fac.asc
ncols         977
nrows         666
xllcenter     -2134035.000000
yllcenter     3358815.000000
cellsize      12.449000
nodata_value  -1
[rows 207 to 275 of 666, columns 96 to 191 of 977]
1 462 459 451 444 439 435 79 77 7 6 266 253 252 245 146 144 8 7 6 5 4 3 2 1 14 8 7 3 1 2 4 13 1 16 9 3 2 1 3 5 25 2 3 7 7 10 7 51 2 3 1 5 18 30 129 3 1 82 2 63 21 23 376 14 13 5 5 5 4 4 1 1 2 3 26 1 102 1 6 1 10 8 1 4 11 1 2498 1 5 213 2 2 2 7 1
465 2 1 7 5 3 2 8 1 76 67 5 12 7 6 98 1 135 120 119 118 117 116 115 5 4 5 3 3 2 1 3 11 1 15 8 2 1 2 4 24 1 2 6 5 1 9 6 50 1 2 4 5 12 29 128 2 30 51 1 62 20 22 375 1 12 12 4 4 4 3 3 1 1 2 16 9 100 1 4 1 9 7 1 2 10 2322 174 1 4 211 1 1 1 1 6
12 11 10 5 6 4 2 1 7 7 1 66 4 4 6 5 97 96 14 6 5 4 3 2 109 2 3 1 2 2 1 2 9 1 14 7 1 1 3 1 22 1 2 3 4 8 5 8 41 1 3 4 5 6 28 127 1 29 50 16 45 19 21 352 22 7 4 11 3 3 3 2 1 1 2 13 8 82 17 2 1 8 6 1 6 3 2321 172 1 3 4 206 20 13 6 1
4 3 2 4 4 5 3 1 5 1 6 62 3 3 3 5 4 3 95 7 4 3 2 1 1 106 1 2 1 1 1 1 5 3 1 12 6 1 1 1 20 1 2 3 7 4 7 39 1 2 3 4 5 27 8 117 1 28 49 15 44 18 20 350 1 21 6 3 10 2 2 2 1 1 3 9 7 81 2 14 1 7 5 4 1 2 2320 1 170 2 3 179 6 6 6 5
3 2 1 1 3 3 4 2 3 1 5 3 58 2 2 2 4 2 2 94 2 1 1 1 2 1 105 83 25 21 9 7 3 1 2 11 4 1 1 18 1 1 2 6 3 6 5 33 1 2 3 4 26 7 9 106 1 27 48 14 43 17 19 348 1 14 6 5 2 9 1 1 1 2 4 4 6 19 61 1 13 6 4 3 1 6 2312 1 169 1 2 171 7 5 5 5
12 8 3 2 1 2 2 3 1 2 2 2 2 57 1 1 1 1 1 1 93 44 31 22 19 12 5 21 57 3 11 1 6 2 1 10 1 2 6 9 1 1 5 2 5 4 4 28 1 2 3 25 6 8 15 89 1 26 47 13 42 16 18 331 16 5 8 5 4 1 8 2 1 1 2 3 5 18 59 1 12 5 3 2 1 4 2300 11 2 166 1 4 166 6 4 4
95 3 4 3 2 1 1 1 2 1 1 1 1 1 56 48 47 40 31 18 4 48 11 7 6 6 6 4 20 56 2 10 5 5 1 5 4 1 5 8 1 4 1 4 3 3 13 14 1 2 24 5 7 14 11 76 1 25 46 12 41 15 17 1 329 15 4 7 4 3 2 3 1 1 2 4 5 12 57 1 11 4 2 1 3 5 2293 1 10 1 165 3 164 1 5 3
2 94 2 1 1 1 1 1 48 46 43 33 31 22 15 7 6 6 8 12 13 3 47 10 5 5 5 5 3 19 55 1 4 4 4 4 1 2 4 7 1 1 3 2 2 12 3 10 1 23 4 6 13 10 73 2 3 21 45 11 40 14 15 1 328 8 6 3 6 3 2 1 2 1 3 4 5 6 55 1 10 3 1 2 4 6 2285 1 4 5 152 12 2 163 2 2
1 1 93 65 56 54 52 50 1 1 2 9 1 8 6 14 13 5 5 7 11 12 2 46 4 4 4 4 4 2 18 54 3 3 3 3 3 1 3 5 1 2 1 1 11 2 8 1 22 3 5 12 1 8 72 1 2 20 44 10 39 13 13 1 11 316 7 5 2 5 2 1 1 2 3 4 5 46 7 1 9 2 1 3 5 2281 1 2 3 4 150 1 11 1 162 1
32 24 17 27 7 6 5 4 3 2 1 1 8 4 7 5 4 12 4 4 6 10 11 1 45 3 3 3 3 3 1 17 50 2 2 2 2 2 2 1 3 1 6 10 1 6 1 21 2 4 5 6 7 8 63 1 14 5 43 9 38 12 11 1 10 310 5 6 4 1 4 1 1 2 3 4 5 40 1 5 8 1 2 4 2275 3 2 1 2 3 2 147 8 2 1 161
4 7 6 16 26 11 10 9 8 7 6 5 4 3 3 6 3 3 11 3 3 5 9 10 3 44 2 2 2 2 2 2 14 49 1 1 1 1 1 1 2 5 2 1 2 3 20 1 3 4 5 6 7 8 54 4 9 4 42 8 37 11 9 1 9 10 299 4 5 3 2 1 1 2 3 4 4 34 1 4 7 1 3 4 2270 1 1 1 1 2 1 10 136 7 1 48
1 3 6 5 15 14 13 12 11 10 9 6 3 3 2 2 2 2 2 10 2 2 4 8 6 2 43 1 1 1 1 1 1 13 48 32 25 18 11 4 1 4 1 1 2 1 18 2 3 4 5 6 7 26 27 3 8 3 41 7 36 10 1 7 8 9 295 3 3 4 2 1 1 2 3 3 8 25 1 2 6 2 2 1 982 1287 1279 1276 1272 1 2 7 135 4 1 41
10 1 2 5 4 14 10 9 6 4 2 2 2 2 2 1 1 1 1 1 9 1 1 3 7 5 1 42 35 28 20 18 11 6 6 15 6 6 6 6 3 1 2 1 4 17 1 2 3 4 5 6 25 25 1 2 7 2 40 6 35 8 1 6 7 8 30 264 2 2 3 1 1 2 2 7 4 20 1 2 3 1 1 1 980 7 1 2 3 1271 1 6 134 1 2 28
3 8 5 1 4 3 3 2 2 1 1 1 1 1 1 1 1 1 1 2 1 8 5 4 2 6 4 4 2 6 7 1 6 10 5 5 14 5 5 5 5 2 1 3 1 11 1 2 3 4 5 24 3 20 1 1 6 1 39 5 34 6 1 5 6 7 29 88 175 1 1 2 1 1 2 4 3 19 1 2 1 2 6 7 979 1 5 3 1 2 1270 5 131 2 1 23
2 2 2 4 2 3 2 1 1 1 1 1 1 1 1 23 21 19 17 8 2 1 2 1 3 1 5 3 3 1 5 6 4 1 9 4 4 13 4 4 4 4 1 2 1 9 1 2 3 4 6 17 2 18 1 4 1 6 32 4 33 3 2 4 5 6 28 87 15 159 5 2 1 1 3 2 17 1 1 1 2 3 1 9 953 8 1 1 2 1 4 1265 4 130 1 5
1 1 1 1 1 1 2 1 1 42 40 38 36 34 32 8 6 4 2 6 5 4 3 2 1 2 2 2 2 2 1 3 5 3 4 4 3 3 12 3 3 3 3 1 2 6 1 2 3 5 12 4 1 16 1 3 5 1 30 3 32 2 1 3 4 5 27 86 14 1 152 2 1 2 1 3 13 1 3 4 5 6 7 42 910 1 6 5 2 1 3 10 1254 3 129 1
1 1 1 1 5 4 3 2 58 15 14 13 12 11 10 1 1 1 1 1 5 4 3 2 1 1 1 1 1 1 1 2 1 3 2 3 3 2 2 11 2 2 2 2 1 5 1 2 4 6 5 3 12 2 1 2 4 5 24 2 31 1 2 3 4 17 9 85 12 1 148 3 1 1 2 2 10 1 2 3 4 5 6 35 900 8 4 1 2 1 2 9 1250 3 2 128
2 2 2 6 1 1 1 59 1 6 5 4 3 2 1 8 7 6 5 4 3 2 1 1 2 1 1 1 1 1 1 1 1 1 1 1 2 2 1 1 10 1 1 1 1 4 1 1 2 5 4 2 11 1 1 3 4 5 18 1 30 1 2 3 4 12 8 84 10 1 4 143 2 1 1 2 7 1 2 5 12 14 34 282 152 465 3 2 1 1 1 8 3 1246 2 1
3 3 7 2 2 1 61 2 7 1 12 11 10 9 8 7 6 5 4 3 2 1 2 3 2 2 2 2 2 1 3 1 1 1 1 1 1 1 1 1 1 9 7 5 3 1 2 1 1 3 3 1 9 1 2 3 4 4 13 1 28 1 2 3 5 6 7 83 8 1 3 7 135 1 1 2 4 1 2 6 1 8 11 281 2 149 464 2 1 1 93 91 7 2 1245 1
4 8 3 3 2 1 64 8 16 14 1 8 7 6 5 4 3 2 1 1 1 3 4 3 3 3 3 3 2 1 5 2 2 1 3 2 8 7 6 4 2 1 1 1 1 2 1 1 1 1 2 3 5 1 2 3 3 4 8 2 25 1 2 4 5 6 7 75 6 1 2 6 130 4 1 2 1 1 5 2 7 1 9 280 1 56 92 463 272 95 1 1 90 6 1 1244
9 4 4 3 2 1 73 18 1 11 10 1 1 7 6 5 4 3 2 2 5 1 8 4 4 4 4 1 3 7 3 3 2 4 3 9 1 1 1 1 1 1 1 2 1 1 1 1 1 1 1 2 4 1 2 2 3 7 1 5 19 1 3 4 5 6 8 66 1 4 1 5 26 103 3 1 1 4 1 1 3 2 6 278 1 55 91 77 113 175 166 161 160 89 5 5
5 5 4 3 2 74 36 17 16 4 3 2 8 4 3 2 1 1 3 6 1 1 13 1 9 5 1 5 1 11 4 3 5 4 10 2 1 3 2 2 2 2 3 1 1 3 2 2 2 2 1 1 3 1 1 2 3 3 4 17 1 2 3 4 5 7 15 48 2 3 4 11 14 18 84 2 1 1 1 2 1 5 15 262 1 53 90 76 107 5 8 4 3 159 88 4
6 5 4 3 75 37 4 3 2 1 1 9 5 1 1 1 16 14 10 3 1 15 2 10 6 2 6 2 12 9 4 6 5 11 3 2 1 6 3 3 3 4 2 2 1 6 3 3 3 3 2 1 1 1 1 2 2 3 3 13 1 2 3 4 6 13 1 47 1 2 3 10 13 17 80 3 1 1 2 3 4 14 9 252 5 47 89 75 78 28 4 7 3 2 158 87
6 5 4 76 38 5 1 1 1 1 61 50 44 42 40 37 20 19 18 17 16 14 11 7 3 10 3 23 10 14 13 6 12 4 3 2 1 10 4 4 5 3 3 1 8 4 4 4 6 2 1 2 1 1 1 1 2 2 2 10 1 2 3 5 6 6 7 39 1 2 4 5 12 16 79 2 1 2 3 4 13 8 250 1 4 46 88 74 76 1 27 3 3 2 1 157
6 5 77 1 126 82 80 78 76 74 12 11 10 9 1 1 4 3 2 1 28 13 12 4 11 1 40 16 15 1 1 13 5 4 3 1 12 5 5 6 4 4 2 1 13 5 5 7 1 1 3 1 2 1 1 1 1 1 2 7 1 2 4 5 5 6 6 32 1 3 4 5 6 15 78 1 1 2 3 8 7 3 246 2 1 45 87 73 1 74 6 20 2 2 1 2
84 78 130 128 1 9 8 7 6 5 4 3 2 1 7 6 1 33 32 31 2 1 1 57 45 43 2 1 4 2 14 6 5 4 2 1 18 6 7 5 5 3 2 1 19 6 8 1 3 4 2 1 4 2 1 1 1 1 2 4 1 3 4 4 5 5 30 1 2 3 4 5 6 8 77 1 2 3 4 6 2 2 243 1 22 22 86 70 2 73 2 3 19 1 1 1
145 144 13 12 11 1 46 45 44 43 42 40 38 37 36 35 34 1 2 1 1 2 58 1 8 7 6 5 16 15 7 6 5 3 2 1 25 8 6 6 1 6 2 1 26 9 2 4 5 3 2 1 7 2 2 2 1 1 2 1 2 3 3 4 4 5 24 1 2 3 4 5 7 8 68 1 3 4 5 1 1 24 218 1 20 21 85 69 1 71 1 1 2 18 3 1
5 4 3 2 1 52 5 4 3 2 1 1 1 1 1 1 2 3 1 1 4 59 2 9 21 20 19 18 1 8 7 6 4 3 1 2 34 7 7 2 7 3 2 1 36 3 5 6 4 3 1 9 3 3 3 2 1 1 1 1 2 2 3 3 4 4 19 1 2 3 4 6 7 8 59 1 2 5 10 21 23 17 198 2 19 20 84 40 28 16 54 4 1 4 10 1
77 74 73 61 60 7 6 5 4 3 2 1 2 2 2 3 4 2 2 1 64 3 10 22 1 1 1 1 1 16 22 15 10 6 4 1 42 8 3 8 4 3 1 38 4 6 7 5 4 2 1 13 4 4 3 5 3 1 1 1 1 2 2 3 3 3 15 1 2 3 5 6 7 14 44 1 2 4 10 1 7 9 197 1 18 19 83 39 27 15 1 48 3 2 1 9
814 2 1 11 10 9 8 7 6 5 4 3 3 3 4 5 3 3 2 1 68 11 1 24 2 2 3 1 43 25 2 1 59 58 57 56 13 4 9 5 4 2 1 50 7 8 6 5 3 2 1 18 5 4 6 2 1 2 1 1 1 1 2 2 2 3 11 1 2 4 5 6 13 1 42 1 3 4 5 6 8 166 1 29 17 18 82 38 26 13 1 8 39 2 1 8
3 813 806 804 12 10 5 4 3 2 1 4 4 5 6 4 1 6 2 1 80 2 25 3 115 112 108 107 63 62 61 60 1 1 1 1 11 10 6 5 3 2 51 10 9 7 1 9 3 2 1 24 5 10 3 1 3 2 1 2 1 1 1 1 2 4 6 1 3 4 5 6 6 40 1 2 3 4 5 7 10 155 1 27 16 17 81 37 25 11 1 7 36 2 1 7
10 2 6 1 791 1 4 3 2 1 1 22 13 7 5 2 7 3 1 85 3 26 134 130 14 13 12 8 7 6 5 4 2 2 2 12 1 7 245 239 235 232 180 169 9 1 11 4 3 2 1 42 12 1 2 4 3 1 4 2 1 1 1 1 1 2 5 2 3 4 5 5 6 33 1 2 3 4 6 9 40 112 2 26 15 16 80 36 24 9 1 6 33 2 1 6
2 9 1 5 1 790 783 773 42 40 37 2 1 6 3 8 4 88 86 163 162 135 1 4 3 2 1 3 2 1 1 315 314 311 308 295 291 252 6 5 4 3 2 1 159 158 23 7 3 1 44 1 1 3 1 10 2 1 7 2 2 2 1 1 1 4 1 2 3 4 4 5 5 27 1 2 3 5 8 39 1 110 1 25 14 15 79 35 23 7 1 5 12 20 1 5
3 1 8 3 3 3 3 9 730 1 1 12 11 4 14 5 254 165 164 12 11 10 8 3 2 1 1 320 319 318 316 66 65 64 63 1 2 31 26 20 4 3 2 1 1 1 134 132 1 94 24 22 20 16 14 3 2 8 3 3 3 2 3 1 1 2 1 2 3 3 4 4 5 21 1 2 4 7 7 31 103 5 1 24 13 14 78 34 22 1 5 4 8 3 19 4
2 2 3 1 2 2 2 2 8 729 728 727 725 615 600 599 344 343 342 329 328 327 326 325 324 323 321 77 76 75 74 7 3 2 1 61 1 3 1 5 15 11 10 8 3 1 1 1 130 9 24 23 4 3 2 1 9 4 4 4 3 4 1 1 1 1 1 2 2 3 3 4 4 16 1 3 6 6 29 1 102 1 3 23 12 13 77 33 20 1 4 3 7 2 18 3
1 1 1 2 1 1 1 1 1 7 5 1 1 109 104 103 98 97 96 94 92 87 86 85 84 83 82 4 3 2 1 1 3 2 1 1 60 5 2 1 3 3 1 1 3 2 1 1 1 25 8 1 18 17 16 15 5 5 5 4 7 2 2 2 1 1 1 1 2 2 3 3 14 1 2 5 5 6 22 60 40 1 2 22 11 12 76 32 18 1 3 2 6 1 17 2
3 2 1 2 1 1 4 3 2 1 1 3 2 1 4 2 4 2 1 1 1 4 3 2 1 1 1 1 1 1 21 17 14 10 9 6 3 54 4 1 1 1 1 1 1 2 2 1 1 2 22 6 5 4 3 2 1 11 5 9 1 3 3 2 2 1 1 1 1 2 2 3 10 1 4 4 5 6 15 59 12 27 1 21 10 11 75 31 16 1 2 1 5 16 1 4
5 4 3 9 8 6 1 2 1 1 1 1 1 2 1 1 1 1 1 1 1 1 1 1 6 4 2 27 25 23 1 2 2 3 1 1 2 2 53 3 2 1 12 10 8 7 2 2 1 1 1 21 19 3 2 1 12 28 22 12 11 7 3 3 2 3 1 1 1 1 2 2 7 2 1 3 4 5 14 58 10 1 26 20 9 10 74 30 14 1 1 4 14 1 3 112
21 20 19 9 8 7 6 3 2 1 3 2 3 1 1 1 1 1 3 2 2 2 2 7 1 1 28 1 1 1 1 1 1 1 1 2 1 1 1 52 35 34 21 20 19 18 9 6 4 2 1 1 1 15 14 13 34 5 4 3 2 1 4 3 4 1 2 1 1 1 1 1 5 1 2 3 4 13 20 37 8 1 25 19 8 9 73 29 1 12 3 1 12 2 11 99
6 5 4 3 2 1 1 1 2 1 6 1 5 2 2 2 2 1 6 3 3 3 8 2 2 1 30 2 2 2 2 1 1 1 3 1 1 1 1 3 13 10 3 2 1 1 7 4 2 1 2 1 1 37 36 35 1 1 1 1 1 1 14 6 1 4 2 2 1 1 1 1 3 1 2 3 4 8 19 36 1 6 24 18 7 8 72 27 1 11 2 11 1 10 18 79
1 1 1 1 1 1 8 5 2 1 8 6 3 3 3 3 2 1 10 4 4 9 3 3 1 32 3 3 3 3 2 2 1 5 2 2 2 2 1 1 1 2 6 4 2 1 1 1 1 1 4 2 38 1 2 1 39 36 34 27 24 22 7 6 5 6 3 2 2 2 1 1 1 1 2 3 7 8 10 34 1 5 23 17 6 7 71 25 1 10 1 10 8 1 17 77
20 17 15 13 11 9 1 1 2 1 15 4 4 4 4 3 1 12 5 5 10 4 4 2 1 48 12 8 4 3 3 2 1 8 3 3 3 2 1 1 2 1 1 1 1 1 1 1 1 365 354 353 308 304 296 294 3 1 1 5 4 3 2 1 11 4 3 3 3 2 1 1 1 1 2 6 6 1 9 32 1 4 22 16 5 6 70 23 1 9 8 1 7 16 71 4
4 3 2 1 1 2 2 3 1 17 5 5 5 5 4 2 1 18 6 16 5 5 3 2 49 11 10 9 8 4 3 2 9 15 11 7 3 2 2 3 1 1 1 1 382 381 377 374 373 2 5 2 2 2 5 1 251 1 1 31 30 29 28 27 15 14 13 9 5 2 5 3 1 1 3 2 5 6 2 30 1 3 21 15 4 5 69 21 1 8 7 6 2 13 70 1
1 34 33 32 30 27 24 20 18 18 12 6 6 8 3 2 19 31 24 7 6 4 3 62 12 11 10 9 8 7 3 10 16 1 1 1 1 5 4 1 3 2 2 383 1 1 1 1 1 3 1 4 1 1 1 4 1 250 247 43 40 27 26 25 24 14 13 12 11 10 4 3 2 1 2 1 4 5 1 28 1 2 20 14 3 4 68 1 19 7 6 5 1 12 68 1
411 376 375 374 373 372 371 370 369 350 41 40 33 24 23 20 32 88 87 86 85 80 76 13 12 1 1 1 1 1 1 46 19 17 15 13 11 5 2 1 6 3 384 2 2 1 1 3 2 1 2 1 3 2 1 1 1 2 171 2 2 12 3 2 1 9 8 7 6 5 4 3 2 1 1 1 2 4 15 1 11 1 19 13 2 3 66 1 18 6 5 4 1 10 66 1
39 38 34 20 17 16 5 4 3 2 308 302 295 289 282 272 239 142 141 1 1 1 1 1 1 69 66 64 62 60 58 11 10 9 8 7 6 5 2 1 10 385 3 3 2 2 4 1 1 8 7 6 5 4 3 2 1 1 2 166 1 1 8 7 6 5 4 3 2 1 1 1 1 1 1 1 1 3 13 1 10 15 3 12 1 2 64 1 17 5 4 3 1 8 64 1
3 2 3 13 2 1 10 9 8 4 1 5 6 5 6 9 8 8 1 139 131 121 113 105 103 33 29 22 21 18 11 10 9 8 7 6 5 4 3 1 396 4 4 3 3 5 2 2 10 1 1 1 1 4 3 2 1 1 1 2 163 88 86 2 1 1 1 1 1 14 12 10 8 6 4 2 1 2 11 1 9 14 2 11 1 46 16 1 16 4 3 2 1 6 63 3
3 1 1 2 12 9 8 2 1 3 3 3 1 5 4 5 1 7 6 3 3 8 6 6 4 2 3 6 2 2 6 4 3 2 1 1 3 2 1 1 401 5 4 4 6 3 14 11 3 2 2 7 5 5 4 3 2 1 1 1 4 70 1 83 79 77 42 39 24 9 8 7 6 5 4 3 2 1 9 1 8 13 1 10 27 18 14 1 15 3 2 1 5 61 1 2
1 1 1 1 1 2 1 5 4 2 2 2 2 2 2 3 3 3 3 5 2 2 7 5 1 1 1 2 3 1 1 1 2 1 2 4 1 1 2 1 407 5 5 11 4 15 1 8 4 3 8 1 6 1 1 1 1 5 2 1 1 2 69 47 3 2 33 1 13 12 11 10 9 8 7 6 3 1 7 1 7 12 9 1 25 17 1 12 14 2 1 4 19 41 1 3
1 14 12 10 9 7 5 3 1 1 1 1 1 1 1 1 2 2 2 2 4 1 1 6 4 3 2 1 1 2 1 16 13 12 9 4 2 3 1 409 6 6 12 1 16 2 9 1 1 1 35 25 18 16 14 12 10 4 3 2 1 1 15 6 46 1 1 32 31 13 12 9 8 4 3 2 2 2 1 5 6 11 8 9 15 15 1 11 13 1 3 18 3 37 2 2
19 4 3 2 1 1 1 1 1 1 1 1 1 1 1 2 1 1 1 1 1 3 2 1 5 4 3 2 1 29 28 11 10 9 8 7 6 2 410 7 7 13 2 1 17 18 6 4 2 48 12 11 10 9 8 7 6 5 4 3 2 1 6 8 5 44 3 2 1 17 16 2 1 3 2 1 1 1 1 4 5 10 7 8 14 13 1 10 12 2 17 2 3 33 1 1
5 4 3 2 1 1 2 1 2 2 2 2 4 2 3 43 42 41 40 39 38 37 36 35 34 33 32 31 30 1 3 2 1 1 1 1 1 1 1626 1208 1200 1186 41 39 21 2 1 75 74 25 24 23 22 19 18 7 6 5 4 3 2 1 4 1 7 4 40 9 4 3 2 15 13 11 6 5 4 3 1 3 4 9 6 7 13 11 1 9 11 1 16 1 2 31 1 3
2373 2165 8 7 6 4 1 3 3 1997 1994 1991 1986 1985 1981 1937 1936 1935 1895 1894 1892 1890 1887 1886 1884 1882 4 3 2 4 1 1 1655 1653 1651 1649 1647 1645 18 17 13 7 1142 1119 84 83 82 6 5 4 3 2 1 2 1 10 9 8 7 6 5 4 3 3 1 5 3 30 4 3 2 1 1 1 4 3 2 1 1 2 3 8 5 6 12 9 1 8 10 1 14 1 29 1 2 3
252 207 2156 2152 6 5 4 2012 2008 10 9 8 7 6 5 4 3 2 39 37 1 1 2 1 1 1 1877 1875 1863 1857 1846 1844 171 15 14 13 12 11 10 4 3 5 6 22 1034 46 45 17 16 15 14 13 12 11 10 9 8 7 6 5 4 3 2 2 2 2 2 2 29 27 1 1 1 1 1 1 13 8 3 1 2 7 4 5 11 1 7 7 9 10 3 1 27 1 2 3
247 4 206 3 2145 2075 2021 8 7 6 5 4 3 2 1 1 1 1 1 1 36 34 17 16 15 11 2 1 11 1 9 1 17 155 9 8 7 6 5 5 3 2 4 5 21 987 950 27 3 2 1 12 11 10 9 8 7 6 5 4 3 2 1 1 1 1 1 1 1 1 25 24 22 20 18 16 2 4 4 2 1 6 3 4 9 1 6 6 8 9 2 1 25 1 2 3
244 2 3 205 2 69 53 52 1 1 1 1 1 1 19 17 15 13 12 11 6 1 16 10 4 3 8 1 2 8 1 6 9 7 145 66 10 5 4 4 4 2 1 3 4 20 36 949 23 22 21 8 7 6 5 4 3 2 1 1 1 1 1 1 78 77 70 58 53 48 35 18 14 13 5 3 1 1 3 3 1 5 2 3 7 1 5 5 7 8 1 2 22 1 2 4
2 243 1 2 204 1 68 1 50 47 36 34 32 30 10 9 8 7 6 3 4 5 3 5 5 3 2 7 1 6 1 5 8 6 7 71 55 4 3 3 3 3 1 2 3 18 1 35 948 2 1 1 1 1 1 1 1 1 507 505 487 485 483 481 396 389 6 11 4 4 12 16 3 2 7 1 1 1 1 2 2 4 1 2 5 1 4 4 6 7 1 2 19 1 3 4
9 1 242 216 1 203 8 66 58 1 9 8 7 6 5 4 3 2 1 2 2 3 1 2 4 4 2 1 6 4 1 4 7 5 6 20 50 54 2 2 2 2 2 1 2 16 1 5 29 945 1 672 669 667 665 663 661 659 151 3 16 15 12 10 6 6 388 5 10 3 3 11 15 1 1 6 5 3 1 1 1 1 3 1 3 1 3 3 5 6 1 17 1 2 3 6
9 8 2 23 215 4 190 7 7 57 53 9 8 7 6 5 4 3 2 1 1 1 2 1 1 3 3 1 5 2 1 3 6 4 5 19 22 27 51 1 1 1 1 1 1 1 14 4 5 23 943 256 126 125 30 23 16 12 6 147 2 1 2 1 9 5 5 387 4 9 2 2 10 13 12 11 10 9 8 6 5 4 2 2 1 1 2 2 4 5 9 7 1 2 5 1
2 8 7 1 22 214 3 189 6 6 3 43 30 29 28 26 10 9 8 7 6 5 4 3 2 1 2 2 1 3 1 2 5 3 4 18 21 25 1 50 33 27 9 6 3 1 13 3 4 22 14 11 118 20 94 6 6 3 5 5 146 6 1 1 5 3 4 4 386 3 8 1 1 9 8 7 6 5 4 3 2 1 1 1 1 1 1 1 3 4 8 6 1 2 2 3
5 1 7 6 7 14 213 2 188 5 5 2 12 2 1 1 15 14 9 8 7 6 5 4 3 2 1 1 1 1 1 1 4 2 3 6 11 20 24 1 15 5 17 2 2 1 12 2 3 21 13 10 73 24 19 93 5 5 2 4 4 139 4 3 2 4 2 3 3 385 2 7 6 5 4 3 2 1 1 1 1 1 1 10 9 7 6 1 2 3 7 5 1 1 2 4
4 4 4 2 5 6 13 212 1 187 4 4 1 9 6 5 3 1 4 3 2 1 1 1 2 1 1 17 16 15 14 7 3 1 2 5 9 1 19 23 5 9 4 16 1 1 11 1 2 20 12 9 71 1 23 18 92 4 4 1 3 3 138 2 1 1 3 1 2 2 384 1 1 1 1 1 1 25 23 21 19 17 15 4 3 2 1 4 1 2 6 3 1 1 3 4
56 3 3 3 1 4 5 12 211 1 185 3 3 2 2 1 1 1 1 2 1 103 82 80 61 60 27 9 8 7 6 6 6 2 1 4 7 1 7 11 22 4 8 3 15 8 8 2 1 19 11 8 1 69 19 3 17 91 3 3 2 2 2 135 133 1 1 2 1 1 1 383 270 263 261 39 37 11 10 9 8 7 6 5 4 3 2 1 3 1 5 1 1 2 3 5
3 55 2 2 2 2 1 4 11 210 1 183 2 1 1 146 118 117 115 112 111 7 19 1 16 1 31 29 12 11 10 5 5 5 1 3 5 1 6 10 1 20 3 7 2 6 7 7 1 18 10 6 1 68 16 2 2 16 90 2 1 1 1 1 1 131 92 35 27 21 12 4 111 5 3 220 217 24 22 10 9 8 7 6 5 4 3 2 1 2 3 1 1 2 4 2
2 2 54 1 1 1 1 2 1 10 209 206 182 166 164 5 27 26 24 8 7 6 6 17 5 14 6 1 16 11 1 9 4 4 4 2 1 3 5 4 5 6 13 2 6 1 5 6 6 17 9 4 1 53 14 15 1 1 15 89 42 35 28 21 14 7 37 56 7 5 8 7 3 110 1 2 2 192 1 11 10 9 8 7 6 5 4 3 2 1 1 2 1 3 1 2
1 1 1 53 40 33 13 6 1 8 1 2 205 15 1 12 4 3 1 15 10 5 5 5 11 4 7 5 4 4 9 5 8 3 3 3 1 2 4 3 4 5 5 7 1 5 4 5 5 16 8 2 1 6 46 13 14 7 1 13 46 6 6 6 6 6 6 36 55 6 4 7 6 2 109 14 1 1 191 190 187 11 10 9 8 7 6 5 4 3 2 1 1 2 1 2
28 21 14 7 12 6 19 6 5 4 3 1 199 5 14 2 11 1 2 1 4 4 4 4 4 10 3 6 3 3 3 3 4 7 2 2 2 1 3 2 3 4 4 5 1 4 3 4 4 5 10 7 1 5 45 9 3 6 6 6 6 45 5 5 5 5 5 5 35 54 5 3 6 5 1 94 13 10 7 4 2 175 12 11 9 7 5 4 3 2 1 1 1 1 1 3
6 6 6 6 6 11 5 18 5 4 3 2 194 4 4 11 1 9 8 4 3 3 3 3 3 3 9 2 2 2 2 2 2 3 6 1 1 1 2 1 2 3 3 3 1 3 2 3 3 4 9 1 5 4 14 30 8 2 5 5 5 5 44 4 4 4 4 4 4 34 53 4 2 5 4 3 93 2 2 2 3 1 162 160 1 1 1 1 1 1 9 7 5 4 1 2
5 5 5 5 5 5 10 4 17 4 3 2 1 193 3 3 10 7 4 3 2 2 2 2 2 2 2 8 1 1 1 1 1 1 2 5 3 2 1 1 1 2 2 1 1 2 1 2 2 3 7 1 4 3 4 9 29 7 1 4 4 4 4 43 3 3 3 3 3 3 33 52 3 1 4 2 2 92 1 1 1 2 1 1 159 100 85 81 16 14 4 3 2 1 2 1
