assignment_7/pihm/Nov1120241019/RasterProcessing/fac.asc
ncols         977
nrows         666
xllcenter     -2134035.000000
yllcenter     3358815.000000
cellsize      12.449000
nodata_value  -1
[rows 207 to 275 of 666, columns 192 to 287 of 977]
91 1 1 1 54 42 18 12 7 4 2 1 2 7 15 1 3 6 121 3 3 1 8 1 25 8526 4 1 59 14 5 3 2 5 1 1 4 1 194 1 933 17 1112 2 2 98 56 54 1 1 1 1 1 1 37 33 28 22 14 6 3 2 1 5 7 7 9 14 17 16 1 17 17 21 35 72 1 11 1 3 21 83 3 2 1 3 1 2 4 4 5 10 10 119 1 3
1 90 16 7 6 5 23 5 4 2 3 1 1 6 14 1 2 3 111 2 2 1 6 1 23 8525 3 5 53 12 1 4 2 1 4 1 2 26 165 2 932 16 1089 22 1 1 97 1 53 48 41 34 29 15 11 3 4 4 6 6 2 2 1 4 6 6 8 13 16 14 1 16 16 20 34 37 34 9 1 2 20 24 58 2 1 2 1 3 3 4 9 9 117 1 2 3
3 69 4 8 6 5 4 22 4 3 1 2 3 2 13 1 2 104 6 1 1 2 3 10 12 8524 2 4 52 2 9 2 3 1 3 1 25 1 163 1 931 15 670 418 21 14 7 96 89 4 6 6 4 13 3 10 2 3 3 5 5 1 1 3 5 5 7 12 15 12 1 15 15 19 33 36 33 6 2 1 19 23 54 3 1 1 2 2 3 8 7 1 116 1 2 3
2 1 67 3 7 5 4 3 21 3 2 1 2 1 12 1 2 101 4 1 1 2 9 1 10 8523 1 3 51 1 5 1 1 2 2 23 1 117 1 44 930 14 669 21 396 6 6 6 6 88 3 5 5 3 12 2 9 1 2 2 4 4 1 2 4 4 6 11 14 10 1 14 14 18 32 35 32 1 4 1 18 22 28 25 2 1 1 2 3 4 6 7 108 1 2 4
4 1 21 45 2 6 4 3 2 20 2 1 1 2 9 1 8 92 2 1 1 2 6 4 5 8521 1 2 35 15 3 4 2 1 1 22 3 113 2 41 929 13 668 20 390 5 5 5 5 5 87 2 4 4 2 11 1 8 1 1 1 3 2 1 3 3 5 10 13 1 8 13 13 17 31 34 1 30 1 2 17 21 27 17 7 1 1 2 3 5 6 7 100 1 3 5
4 3 2 18 44 1 5 3 2 1 19 1 1 7 1 1 6 87 4 1 1 5 2 1 4 8516 4 1 34 11 3 2 1 1 21 2 1 111 1 40 928 12 667 11 8 389 4 4 4 4 4 86 1 3 3 1 10 3 6 5 3 1 2 1 2 2 4 9 11 1 7 12 12 16 30 19 14 1 29 1 16 20 26 16 5 1 1 2 4 5 6 9 90 2 4 5
3 3 2 1 17 43 2 2 2 1 7 11 1 3 2 2 3 1 85 3 2 2 1 3 2 8515 2 1 33 4 3 2 1 17 3 1 2 107 1 39 927 11 666 9 1 7 388 3 3 3 3 3 85 82 2 2 2 4 2 1 1 1 1 1 1 1 3 8 9 1 6 11 11 15 29 18 11 1 16 12 15 19 25 15 3 1 1 3 4 5 8 87 2 1 3 4
2 2 2 1 15 1 42 1 1 1 1 5 10 2 1 1 2 12 72 2 1 1 2 1 12 8490 10 1 19 13 3 2 1 16 2 1 3 102 1 38 926 10 665 5 3 3 3 387 2 2 2 2 2 2 81 1 1 1 3 2 1 6 4 3 2 1 2 7 7 1 5 10 10 14 28 17 9 1 15 11 14 18 24 14 1 1 2 3 4 7 31 55 1 2 3 4
1 1 1 1 1 13 2 41 3 2 1 4 1 8 1 1 2 9 69 2 1 1 8 11 24 8465 6 3 1 17 12 2 1 15 1 2 76 1 24 37 925 9 664 2 2 2 2 2 386 1 1 1 1 1 1 80 69 62 57 55 15 8 7 6 5 1 1 6 5 1 4 9 9 13 27 16 1 7 14 10 13 17 23 12 1 1 2 3 6 30 7 47 1 2 3 5
33 28 18 14 8 7 3 1 37 11 3 2 1 6 1 1 4 4 51 17 1 7 2 3 20 8459 5 5 2 1 15 11 1 14 1 59 15 1 23 36 924 8 627 36 1 1 1 1 1 385 87 80 73 66 59 50 10 6 4 1 39 14 12 4 1 3 1 5 1 3 3 8 8 12 26 14 1 6 13 9 12 16 22 10 1 1 2 5 29 4 2 46 1 2 4 5
79 4 9 3 5 7 6 2 19 6 7 2 1 4 1 2 1 3 50 16 6 1 2 1 18 8458 3 1 4 1 5 9 10 13 23 35 13 1 22 35 923 7 277 349 35 28 22 14 7 7 290 6 6 6 6 8 49 9 5 3 2 24 1 7 2 1 1 3 1 2 2 7 7 11 25 12 1 5 12 8 11 15 21 8 1 1 4 28 3 1 9 36 1 3 4 5
6 78 3 8 2 4 6 5 1 18 5 6 1 2 1 1 2 3 46 15 5 1 1 5 12 8455 2 2 2 1 4 8 9 12 22 34 11 1 21 34 922 6 276 14 334 6 5 7 6 6 6 289 5 5 5 5 7 48 8 4 3 1 23 1 6 5 4 1 2 1 1 6 6 10 24 10 1 4 11 7 10 14 20 6 1 2 1 27 2 8 34 1 2 3 4 5
12 5 77 2 7 1 3 5 4 2 15 4 5 2 1 1 2 5 40 14 4 1 3 3 8 8453 1 1 1 1 3 7 8 11 21 33 9 1 20 33 921 5 275 13 6 327 5 4 6 5 5 5 288 4 4 4 4 6 47 7 6 2 1 21 20 19 17 2 1 1 1 4 5 9 23 8 1 3 10 6 9 13 19 1 4 1 26 1 7 2 31 1 2 3 4 6
4 11 4 76 1 6 3 2 4 3 1 14 3 2 1 1 4 12 27 13 3 1 2 6 1 8442 10 5 4 1 2 6 7 10 20 32 1 7 19 32 920 4 7 267 12 5 326 4 3 5 4 4 4 287 3 3 3 3 5 46 45 5 4 3 2 1 1 16 1 1 1 2 4 8 22 1 6 2 9 5 8 12 17 1 3 1 24 6 1 3 27 1 2 3 5 6
17 3 10 3 75 2 2 2 1 3 2 12 1 2 1 3 9 2 26 12 2 1 2 3 5 8431 5 4 3 2 1 5 6 9 19 30 1 6 18 31 919 3 6 223 43 11 4 325 3 2 4 3 3 3 286 2 2 2 2 4 2 44 1 1 1 1 1 1 14 6 1 1 3 7 20 1 5 1 8 4 7 11 15 1 2 23 4 1 2 3 23 1 2 4 5 15
3 16 2 9 2 72 1 1 1 1 1 1 11 4 1 2 8 1 25 11 1 1 2 4 3 8424 3 4 3 2 1 4 5 8 18 28 1 5 17 30 918 2 5 216 6 42 10 3 324 2 1 3 2 2 2 285 1 1 1 1 1 1 42 39 9 7 5 3 2 6 4 1 2 6 17 2 1 3 7 3 6 10 13 1 1 22 3 1 2 4 18 1 3 4 14 6
1 1 15 1 8 1 71 32 25 18 11 1 4 2 3 1 7 2 22 9 1 1 3 2 4 8414 5 2 1 2 1 3 4 7 17 26 1 4 16 29 917 1 4 54 161 5 41 9 2 323 1 1 1 1 1 1 284 48 33 32 26 18 7 1 28 4 3 2 1 1 5 2 1 5 9 7 1 2 6 2 5 9 11 1 12 9 2 1 3 16 1 2 3 13 5 3
127 14 7 14 7 7 7 31 6 6 6 9 4 3 1 2 6 1 21 7 1 2 1 3 17 44 8352 4 3 2 1 2 3 6 16 24 1 3 15 28 915 1 3 25 28 160 4 40 8 1 322 42 35 28 21 14 7 235 14 8 5 7 10 6 2 23 15 14 13 6 5 4 1 4 7 1 6 1 5 1 4 8 1 9 11 8 1 2 6 9 1 2 12 4 2 38
13 99 6 6 6 6 6 6 30 5 5 5 4 3 2 1 5 1 19 5 1 1 2 16 5 38 8342 9 6 5 1 1 2 5 15 1 22 2 14 27 904 10 1 1 24 27 159 3 39 7 7 272 6 6 6 6 6 6 234 5 7 4 6 9 3 1 7 5 3 6 3 4 3 3 3 3 3 2 1 3 3 6 1 8 10 7 1 5 2 6 1 11 3 1 37 7
6 6 98 5 5 5 5 5 5 29 4 4 4 3 2 1 4 9 9 3 1 1 15 4 7 30 8338 3 2 1 4 1 1 4 13 1 21 1 13 26 862 41 9 2 23 10 16 158 2 38 6 6 271 5 5 5 5 5 5 233 4 6 3 5 8 2 1 1 1 2 2 2 3 2 2 2 2 2 1 2 2 4 1 7 9 6 4 1 2 3 10 1 1 36 6 7
1238 5 5 97 4 4 4 4 4 4 28 3 3 3 2 1 3 8 8 1 1 14 3 4 2 29 64 8273 2 1 1 2 1 3 11 1 9 11 12 25 861 38 2 6 1 22 9 15 157 1 37 5 5 270 4 4 4 4 4 4 232 3 5 2 4 7 6 5 2 1 1 1 1 2 1 1 1 1 1 1 1 2 1 6 8 5 3 1 2 9 1 9 35 5 6 8
4 1237 4 4 96 3 3 3 3 3 3 27 2 2 2 1 2 7 6 1 13 2 3 1 27 1 62 1 8272 17 3 2 1 2 9 1 8 10 11 24 591 269 37 1 5 16 5 8 14 156 32 4 4 4 269 3 3 3 3 3 3 231 2 4 1 3 2 1 2 1 1 1 1 1 1 114 27 22 15 9 8 4 1 5 7 4 2 1 3 5 7 25 4 5 7 9
3 3 1236 3 3 95 2 2 2 2 2 2 26 1 1 1 1 6 4 1 12 1 2 25 1 50 10 1 8253 1 12 4 3 1 7 1 7 9 10 23 590 268 16 20 4 4 11 4 7 13 155 31 3 3 3 268 2 2 2 2 2 2 230 1 3 2 1 1 1 186 144 142 140 138 131 5 86 4 6 5 2 1 3 4 6 3 1 2 4 6 24 3 4 6 8 8
86 2 2 1235 2 2 94 1 1 1 1 1 1 25 19 16 2 5 2 1 11 1 6 18 49 1 8 1 8245 6 5 7 3 2 1 5 6 8 9 22 589 152 115 15 19 3 3 10 3 6 12 154 30 2 2 2 267 1 1 1 1 1 1 229 227 220 214 206 200 4 40 14 7 6 6 11 4 85 3 5 4 1 2 3 5 2 1 3 5 23 2 3 5 7 7 8
154 85 1 1 1234 1 1 93 37 35 22 21 11 10 5 2 13 1 4 1 10 1 4 17 48 6 1 2 8226 16 4 4 3 2 1 4 5 7 8 21 588 150 1 114 14 18 2 2 9 2 5 11 153 29 1 1 1 266 94 87 80 73 66 54 1 6 5 6 4 9 3 25 6 5 5 5 10 3 84 2 4 3 1 2 4 1 2 4 22 1 2 4 6 6 7 9
131 22 84 32 1 1233 39 48 7 1 12 6 9 4 9 4 1 12 2 1 9 2 1 16 47 5 1 2 8223 10 1 3 3 2 1 3 4 6 7 20 587 34 115 2 111 13 17 1 1 8 1 4 10 152 28 21 14 7 171 6 6 6 6 11 53 52 5 4 5 3 8 2 24 4 4 4 4 9 2 83 1 3 2 1 3 1 3 2 19 1 3 5 5 6 8 2
130 21 50 1 30 268 925 38 47 6 5 5 5 4 3 8 3 2 9 1 8 1 11 4 46 4 1 2 8220 5 4 2 2 2 1 2 3 5 6 19 586 31 2 114 1 110 12 16 14 7 7 2 1 9 151 6 6 6 6 170 5 5 5 5 10 5 51 4 3 4 2 7 1 19 3 3 3 3 8 1 82 2 2 1 2 2 1 17 1 2 4 4 5 7 1 46
129 20 1 48 29 267 499 425 37 46 41 4 4 4 3 2 7 2 1 8 7 10 1 2 45 3 1 2 8217 2 2 1 1 1 1 1 2 4 5 18 585 1 29 1 113 10 99 11 1 6 6 6 1 8 145 5 5 5 5 5 169 4 4 4 4 4 4 50 3 2 3 1 6 3 18 2 2 2 2 7 2 77 1 1 1 1 3 13 1 1 2 3 4 6 7 38
128 18 1 47 28 266 498 365 59 36 4 40 3 3 3 2 1 6 1 7 6 9 1 10 34 2 1 2 2207 6007 1 1 11 10 9 2 1 3 4 17 583 1 10 18 109 3 9 98 10 5 5 5 5 5 2 144 4 4 4 4 4 168 3 3 3 3 3 3 49 2 1 2 1 2 2 17 1 1 1 1 6 1 76 9 1 2 3 8 1 1 2 3 5 6 8 29
127 16 1 46 27 265 497 364 55 3 35 3 39 2 2 2 1 4 1 6 5 8 9 16 17 1 1 2190 2 14 6006 16 4 3 2 6 1 2 3 16 581 1 9 17 103 5 2 8 97 4 4 4 4 4 4 1 143 3 3 3 3 3 167 2 2 2 2 2 2 48 1 2 1 1 1 1 16 10 6 3 1 5 65 1 7 1 2 6 1 1 2 4 5 7 6 22
126 14 1 45 26 264 496 363 1 53 2 34 2 38 1 1 1 1 2 5 4 7 8 15 15 1 2189 1 2 11 5980 9 8 7 6 1 5 1 2 15 579 1 8 16 1 101 4 1 7 96 3 3 3 3 3 3 140 2 2 2 2 2 2 166 1 1 1 1 1 1 47 25 24 21 19 11 7 5 3 2 1 4 59 5 4 2 1 4 1 1 3 4 6 5 2 19
125 12 1 44 25 263 495 360 2 43 9 1 33 1 37 28 25 23 1 4 3 6 7 14 13 1 2188 1 2 8 5978 1 3 2 1 5 2 4 1 14 577 1 3 4 15 97 3 3 3 3 95 2 2 2 2 2 2 139 1 1 1 1 1 1 165 86 79 72 65 58 51 19 18 1 1 7 3 6 4 2 1 3 5 53 4 3 1 2 1 2 3 5 4 1 17 1
124 1 10 43 24 262 494 14 345 1 42 8 1 32 5 3 2 1 22 3 2 5 6 13 11 1 2187 1 2 5 3 5977 8 4 3 2 2 1 3 13 575 1 2 3 14 94 2 2 2 2 2 94 1 1 1 1 1 1 138 42 35 28 21 14 7 78 6 6 6 6 6 50 44 17 12 6 6 2 5 3 1 2 4 41 11 3 2 1 1 2 4 3 5 9 7 6
121 2 9 42 23 261 493 13 343 1 41 5 1 11 20 4 2 1 21 2 1 4 5 12 9 1 2186 1 4 2 52 5909 1 3 2 1 1 1 2 11 1 574 1 2 10 3 93 1 1 1 1 1 93 37 30 17 16 9 91 4 6 6 6 6 6 6 77 5 5 5 5 5 5 43 4 5 5 5 1 4 2 1 3 5 35 10 2 1 1 3 2 4 3 6 5 13
120 1 8 41 22 260 492 12 336 6 39 1 4 1 9 19 3 1 2 18 1 3 4 11 1 7 2185 3 1 2 49 5902 6 5 4 3 2 1 1 8 2 3 570 1 8 1 2 92 34 28 21 14 3 55 6 12 6 6 8 90 3 5 5 5 5 5 5 76 4 4 4 4 4 4 42 3 4 4 4 3 3 1 2 4 32 2 9 1 2 1 3 2 5 4 12 1
119 1 6 40 21 259 491 11 4 331 5 38 10 3 4 4 18 2 1 3 14 2 3 9 1 6 2184 2 1 16 12 20 5901 1 1 1 1 1 1 1 6 1 2 569 7 7 1 50 7 5 6 6 10 2 54 5 5 5 5 7 89 2 4 4 4 4 4 4 75 3 3 3 3 3 3 41 2 3 3 2 2 2 1 3 5 26 1 8 1 2 1 4 3 5 6 1
114 1 4 39 20 258 490 10 1 2 330 4 27 9 2 3 3 17 1 2 13 1 2 7 1 5 2183 1 15 5 6 18 1 5899 23 21 19 17 15 14 12 5 1 4 557 6 6 6 43 6 4 5 5 9 1 53 4 4 4 4 6 88 1 3 3 3 3 3 3 74 2 2 2 2 2 2 40 1 2 1 1 1 1 2 4 15 10 1 7 1 3 2 4 5 2 9
1 1 2 38 19 257 1 488 9 1 326 3 3 26 8 1 2 2 16 1 10 2 1 4 2 4 2182 14 3 1 5 12 5 5868 6 5 4 3 2 1 1 11 4 2 1 556 5 5 5 42 5 3 4 4 8 4 52 3 3 3 3 5 87 86 2 2 2 2 2 2 73 1 1 1 1 1 1 39 25 18 11 6 2 1 3 14 1 7 6 2 1 3 4 1 6 1
1 1 2 35 18 169 87 484 3 8 323 2 2 2 25 7 6 1 1 15 1 8 1 3 1 3 2181 13 2 4 10 1 4 5839 28 14 5 4 3 2 1 5 5 3 1 551 4 4 4 4 41 4 2 3 3 3 3 51 2 2 2 2 4 2 85 1 1 1 1 1 1 72 55 48 41 17 9 7 13 6 6 4 3 1 2 12 1 6 5 1 2 3 4 5 1 2
1 1 34 6 11 168 86 8 475 2 7 322 1 1 1 24 7 5 2 1 13 1 6 1 1 2 2180 12 1 3 8 1 3 15 5823 13 8 7 6 5 4 3 4 4 2 547 3 3 3 3 3 40 3 1 2 2 2 2 50 1 1 1 1 1 1 84 42 35 23 15 14 6 16 6 6 23 7 1 6 12 5 5 3 2 1 10 1 5 4 1 2 3 1 2 3 4
1 33 5 2 8 167 85 6 1 474 1 6 321 36 5 7 9 6 2 1 11 1 4 1 1 2 2177 10 1 2 7 1 1 14 5814 8 12 6 5 4 3 2 2 3 3 1 546 2 2 2 2 2 39 2 1 1 1 1 1 49 37 35 28 20 14 4 41 6 11 7 6 7 5 15 5 5 22 6 5 5 11 4 4 2 1 8 1 4 3 1 2 5 7 9 11 12
1 32 4 1 7 166 84 1 4 4 469 5 280 4 30 4 6 8 5 1 2 8 2 1 1 23 2153 7 2 1 5 1 2 11 5809 4 7 5 4 3 2 1 1 1 2 2 544 1 1 1 1 1 1 38 37 31 25 16 12 3 11 1 6 7 5 9 3 40 5 10 5 5 6 4 14 4 4 21 4 4 4 10 3 3 1 6 1 3 2 1 4 1 1 1 1 2
2 31 3 1 5 165 82 1 3 3 158 310 4 279 3 29 3 5 7 4 1 2 5 1 1 21 2152 3 3 1 4 1 1 9 3 5805 3 6 5 3 2 1 1 1 1 1 1 543 431 426 419 412 405 398 391 5 5 8 3 8 2 10 5 5 6 4 8 2 39 4 4 4 4 5 3 13 3 3 16 3 3 3 9 2 2 1 4 2 1 3 8 10 12 14 30 48
1 30 2 1 3 164 80 1 2 2 157 309 2 1 278 2 28 2 4 6 3 1 3 1 1 19 2128 23 2 2 1 2 1 7 2 10 5794 2 1 1 1 30 28 26 23 15 14 7 111 4 6 6 6 6 6 390 4 4 7 2 7 1 4 4 4 5 3 7 1 38 3 3 3 3 4 2 12 2 2 15 2 2 2 8 1 1 3 1 2 7 1 1 1 15 14 3
1 28 1 2 37 126 33 46 1 1 156 7 301 1 5 272 1 27 1 3 5 2 1 1 6 12 2127 21 1 1 1 1 2 4 1 9 91 5702 60 57 53 3 2 1 1 7 6 6 6 110 3 5 5 5 5 5 389 3 3 6 1 6 3 3 3 3 4 2 6 3 37 2 2 2 2 3 1 11 1 1 14 1 1 1 7 1 2 1 2 4 3 8 14 13 2 28
4 23 1 22 14 125 31 1 45 27 128 6 128 172 3 1 271 3 23 2 1 3 1 1 4 11 2125 1 20 7 1 1 2 1 7 1 90 5618 23 2 2 19 13 12 11 10 5 5 5 5 109 2 4 4 4 4 4 388 2 2 5 2 2 2 2 2 2 3 1 2 2 36 1 1 1 1 2 1 10 7 4 13 9 7 2 3 1 1 3 2 4 5 12 1 27 4
1 21 10 11 13 124 1 29 44 26 127 5 127 170 1 2 267 3 2 22 1 1 1 2 1 10 24 2100 11 1 5 3 1 4 2 1 88 8 5609 22 1 1 5 4 3 2 4 4 4 4 4 108 1 3 3 3 3 3 387 1 1 2 1 1 1 1 1 1 2 1 1 1 35 20 16 14 11 4 2 2 2 3 3 1 6 1 2 2 1 3 4 5 6 26 3 4
4 16 9 10 12 122 1 28 43 25 126 4 126 1 168 1 2 264 2 1 21 3 1 1 4 5 23 2094 5 10 6 1 2 3 1 67 20 1 6 5608 21 5 4 3 2 1 1 3 3 3 3 3 107 2 2 2 2 2 2 386 2 1 1 1 1 1 60 59 7 6 5 4 3 14 3 1 2 6 1 1 1 1 2 2 1 4 1 1 2 3 4 5 25 2 3 4
8 7 8 9 11 120 1 27 42 24 125 3 2 123 51 167 1 261 2 1 12 5 1 3 1 3 22 188 1905 4 3 5 1 2 62 4 18 1 5 5604 3 15 8 7 6 5 4 2 2 2 2 2 2 104 1 1 1 1 1 1 383 110 104 94 71 69 2 1 51 42 39 36 2 2 13 2 1 1 5 4 3 2 1 1 1 2 1 1 2 3 4 24 1 2 3 4
5 6 7 8 10 118 1 26 41 23 124 2 1 70 1 50 166 253 7 1 11 3 1 2 2 1 20 187 1900 4 3 2 4 1 61 3 16 1 4 6 5597 2 6 4 3 2 1 1 1 1 1 1 1 1 103 40 35 28 21 14 7 272 5 8 21 13 6 3 2 8 2 2 33 1 1 12 11 10 9 8 7 6 5 4 3 2 1 1 2 3 3 20 1 2 3 5
4 5 6 7 9 116 1 25 40 22 123 1 35 1 33 49 165 252 1 5 5 5 2 1 1 2 17 186 1896 3 3 2 1 3 60 2 14 1 3 5 13 5583 1 1 1 1 1 1 39 31 28 15 14 7 5 57 4 6 6 6 6 6 271 4 7 7 12 2 1 1 7 1 1 32 27 23 22 19 14 13 12 10 8 3 2 1 1 1 2 2 3 16 1 2 4 5
4 5 6 8 110 1 4 24 39 21 122 21 12 1 32 48 160 4 251 4 3 1 4 1 1 2 14 185 1893 2 2 2 1 2 59 1 12 1 2 4 5 7 5582 559 52 45 43 41 1 7 2 12 6 6 6 4 56 3 5 5 5 5 5 270 3 6 6 11 10 7 1 6 4 2 4 3 2 2 4 2 1 1 1 4 2 1 1 1 1 2 14 1 1 3 4 5
4 5 7 18 90 1 3 23 38 20 121 20 10 1 31 47 159 3 2 248 3 2 1 2 1 7 6 184 1891 1 1 1 1 1 2 56 9 2 1 3 4 6 93 4929 505 5 4 3 2 1 6 1 5 5 5 5 3 55 2 4 4 4 4 4 269 2 5 5 4 2 5 1 1 1 1 3 1 1 1 1 1 1 1 1 1 10 3 2 1 1 11 1 2 3 4 6
4 6 7 10 89 1 1 22 37 19 120 19 8 1 30 46 158 2 1 27 220 2 1 1 6 2 3 183 1 1889 14 11 5 2 1 53 2 8 1 2 3 5 3 89 4928 504 5 4 3 2 1 5 4 4 4 4 4 2 54 1 3 3 3 3 3 268 1 4 2 3 1 3 2 1 1 1 1 1 1 38 34 32 27 25 19 4 5 2 1 1 9 1 2 3 5 6
5 6 9 9 77 2 8 13 36 18 119 18 6 1 29 45 108 49 1 26 209 10 1 3 2 1 2 181 1 1820 54 2 5 2 1 6 46 1 7 1 2 4 2 21 67 4927 498 497 496 495 494 493 492 3 3 3 3 3 1 53 2 2 2 2 2 2 267 1 1 1 2 1 1 49 47 45 44 42 40 1 2 1 3 2 5 4 3 2 1 1 7 1 2 4 5 6
5 8 8 3 73 1 7 12 35 17 118 17 2 3 28 44 107 21 27 24 1 208 9 2 1 1 2 177 1 109 1710 53 1 4 1 4 1 45 4 2 1 3 1 19 1 66 4926 12 7 6 5 4 1 491 2 2 2 2 2 2 48 1 1 1 1 1 1 265 137 133 107 104 70 20 19 18 17 16 15 14 13 12 2 1 1 4 3 2 1 1 5 1 3 4 5 7
7 7 2 67 3 2 6 11 34 16 117 16 1 2 27 43 106 20 26 22 1 207 4 4 1 1 6 169 1 14 94 1709 52 2 3 2 1 40 4 3 1 2 9 8 1 9 56 4913 4 3 2 1 2 1 490 1 1 1 1 1 1 47 42 32 28 21 8 7 127 3 25 2 32 9 8 7 6 5 4 3 2 1 9 3 2 1 3 2 1 3 1 2 3 4 6 4
6 1 14 52 2 1 5 10 33 15 116 14 1 1 26 42 105 19 25 20 1 206 3 1 2 5 1 166 1 13 46 47 1708 49 1 2 1 28 11 3 2 1 8 1 6 8 53 2 4912 1 1 1 1 1 1 489 361 354 347 340 311 303 4 9 3 6 12 6 6 126 2 24 1 22 21 8 7 6 5 4 3 2 1 5 4 3 2 2 1 2 1 2 3 5 3 5
4 6 7 51 1 4 9 29 3 14 115 12 1 15 10 41 104 18 24 18 1 65 140 2 1 4 155 9 1 12 45 46 1704 3 48 2 1 2 25 10 2 1 6 1 5 7 14 38 1 4910 20 18 16 14 11 3 127 6 6 6 28 7 302 3 8 2 5 5 5 5 125 1 23 2 1 12 11 10 9 8 7 6 5 4 3 2 1 1 1 1 1 2 4 2 4 5
5 6 8 42 1 2 8 28 2 13 114 10 1 14 9 40 103 17 23 1 16 64 109 30 1 3 154 1 7 11 44 45 1701 2 2 45 1 1 21 3 9 1 4 1 4 6 13 8 29 4869 19 18 2 1 1 7 2 126 5 5 5 27 6 301 2 7 1 4 4 4 4 124 4 20 19 17 11 10 9 8 7 6 5 4 3 2 1 1 1 1 1 3 1 3 4 5
5 7 5 36 1 3 4 27 1 12 113 1 8 13 8 39 102 16 21 1 15 63 56 52 29 2 152 1 6 10 43 44 46 1654 1 1 44 1 2 18 2 8 2 1 3 5 12 7 10 18 4868 3 15 8 7 6 6 1 125 4 4 4 26 5 300 1 6 3 3 3 3 3 119 3 2 1 5 4 3 2 1 1 1 1 1 1 11 9 4 2 1 1 2 3 4 6
6 4 34 1 2 3 4 22 1 10 111 1 7 12 7 38 101 15 19 1 14 62 55 51 28 1 150 1 5 9 42 43 45 76 1577 7 7 35 1 11 6 1 7 1 2 4 11 6 9 17 4811 53 2 6 2 1 5 5 4 124 3 3 3 25 4 299 298 2 2 2 2 2 2 118 1 1 1 1 1 1 32 30 20 18 16 14 2 1 3 2 1 1 2 3 5 4
3 4 29 1 2 3 6 15 8 1 109 1 6 11 6 37 100 14 17 1 13 61 54 27 23 27 148 1 4 8 41 42 44 75 16 1553 6 6 34 1 9 5 4 2 1 3 10 5 8 15 1 4810 52 1 3 2 1 4 3 3 123 2 2 2 24 3 2 297 1 1 1 1 1 1 116 108 102 80 50 47 12 11 8 7 6 5 4 3 2 1 1 1 2 4 3 6
3 4 24 1 2 5 6 8 7 17 89 2 5 10 5 36 99 13 15 1 12 60 53 26 22 26 146 1 3 7 40 41 43 74 1 14 1552 5 5 33 4 4 4 3 1 2 9 4 7 13 1 4806 3 51 6 5 4 3 2 2 2 122 1 1 1 23 1 1 296 133 125 117 109 108 100 7 4 20 28 1 2 1 10 9 8 7 6 5 4 3 1 1 3 2 5 3
3 5 18 1 4 5 7 6 16 82 6 1 4 9 4 35 98 12 13 1 11 59 52 25 21 25 1 144 2 6 39 40 42 72 1 13 23 1528 4 4 32 3 3 3 2 1 8 3 6 11 1 13 4792 2 44 42 1 2 1 1 1 1 121 21 8 7 21 12 4 162 7 7 7 6 7 99 6 3 19 27 12 11 10 9 8 7 6 5 4 3 1 2 1 4 2 5
4 15 2 3 4 5 1 5 15 81 1 4 3 8 3 34 97 11 1 11 10 58 51 24 20 23 1 143 1 5 38 39 41 70 1 12 22 1524 3 3 3 31 2 2 2 1 7 2 5 9 1 12 4790 1 1 1 40 37 34 28 18 14 7 99 12 6 6 8 7 3 161 6 6 5 5 6 98 5 2 18 14 13 12 11 10 9 8 7 6 1 2 1 3 1 4 10
1 13 1 2 3 4 4 13 1 79 1 3 2 7 2 33 96 9 1 10 9 57 50 23 19 21 1 14 128 4 37 38 40 68 1 11 21 1500 23 2 2 2 30 1 1 1 6 1 4 1 7 11 2 4787 70 6 2 1 2 5 9 3 6 6 98 5 5 5 7 6 2 160 5 4 4 4 5 97 4 1 17 14 12 6 5 4 3 2 1 4 2 1 2 3 4 5
1 11 1 2 3 3 5 7 68 9 1 2 1 6 1 32 95 7 1 9 8 56 49 22 18 19 1 13 127 3 36 37 39 66 1 10 20 38 1461 22 1 1 1 29 14 10 2 5 2 1 6 10 1 74 4642 63 3 2 1 1 4 8 2 5 5 97 4 4 4 6 5 1 159 3 3 3 3 4 96 3 2 2 1 5 4 3 2 1 1 1 1 1 1 2 3 4
3 7 1 2 2 4 6 6 61 7 1 1 2 3 31 79 15 5 1 8 7 55 48 21 17 17 1 12 126 2 35 36 38 1 64 9 19 37 76 1384 21 14 7 7 7 3 7 1 4 1 5 9 8 11 54 4641 62 61 53 52 1 3 7 1 4 4 96 3 3 3 5 4 3 155 2 2 2 2 3 95 94 1 1 1 1 1 1 33 31 22 15 9 4 1 2 3
