assignment_7/pihm/Nov1120241019/RasterProcessing/fac.asc
ncols         977
nrows         666
xllcenter     -2134035.000000
yllcenter     3358815.000000
cellsize      12.449000
nodata_value  -1
[rows 207 to 275 of 666, columns 576 to 671 of 977]
5 4 5 4 6 5 6 6 6 7 14 21 28 35 42 64 1 1 1 1 1 1 79 9 2 2 2 2 2 78 79 10 5 3 3 3 19 23 24 25 35 43 44 45 46 47 48 49 50 51 52 35 16 19 1 2 3 4 5 3080 185 1 2 3 4 12 253 20 7 1 1 2 1 2 3 4 29 21 22 23 53 1 1 1 4 6 1 12 16 3042 2 12 5 1 1 4
7 6 5 6 11 18 24 31 38 45 1 1 1 1 2 3 65 67 2 2 2 2 3 80 10 3 3 3 3 3 4 84 95 101 4 8 12 13 14 15 16 133 134 135 136 137 138 139 140 141 142 195 231 232 3063 3065 3067 3072 3074 81 103 1 2 3 5 6 252 19 5 1 1 1 2 6 7 28 20 1 2 3 29 1 2 1 1 1 3 4 2981 44 1 11 2 1 3 4
17 25 32 38 1 1 2 1 1 1 46 2 2 2 3 4 4 5 73 76 3 3 4 4 81 11 4 4 4 4 5 1 1 2 104 105 106 107 108 109 116 774 1720 1721 1 2 3 4 2801 2803 2805 2807 2809 2811 1 1 4 1 11 69 102 1 2 4 5 222 29 18 3 1 1 2 3 1 20 18 1 17 20 24 1 1 1 7 1 1 1 3 2973 10 33 8 2 1 2 3
1 1 1 1 39 2 3 3 2 2 2 47 3 3 4 1 5 1 2 3 80 4 5 10 5 82 12 5 5 10 11 17 2 1 1 2 3 4 5 6 773 945 1046 1053 2775 2777 2779 2796 1 1 1 1 1 1 2 3 9 10 68 20 81 1 3 4 221 23 5 17 1 1 1 2 3 18 8 9 16 2 2 1 1 2 2 1 9 2 1 1 2971 9 32 1 6 1 1 2
27 29 31 33 2 40 41 45 4 3 6 9 48 4 1 5 2 6 1 1 2 83 1 1 11 6 83 96 102 103 104 105 123 126 128 129 690 692 769 772 944 1045 1 5 1 1 1 15 1 2 3 4 5 6 7 8 1 67 19 79 1 2 3 220 17 5 4 15 1 1 2 8 14 7 8 15 1 1 1 2 3 1 4 1 1 55 58 2969 1 8 8 23 14 5 3 1
9 10 11 12 46 3 4 5 51 56 57 1 10 59 5 2 6 3 7 2 1 2 84 2 2 12 7 1 2 540 542 544 546 548 550 560 1 76 2 943 1030 14 4 1 12 13 14 1 2 3 4 5 6 7 8 9 65 18 2 76 1 2 219 12 4 4 3 13 1 2 5 5 6 7 11 3 1 2 3 15 18 22 24 30 44 1 8 2901 1 7 7 7 1 13 1 2
4 1 2 3 4 51 52 53 54 55 56 114 116 117 177 183 3 7 4 8 3 4 3 504 508 512 526 535 537 1 1 1 1 1 1 8 75 1 942 1029 13 3 4 10 33 34 35 36 37 38 39 40 41 42 43 55 17 1 3 72 1 218 8 3 3 3 2 12 1 2 4 5 6 10 2 2 6 8 11 1 1 1 1 12 1 6 5 2856 39 6 6 2 4 10 2 1
19 24 25 26 27 28 29 30 31 32 33 34 35 36 37 38 222 384 393 399 408 410 416 1 1 1 1 1 1 2 3 4 5 6 7 74 928 941 1028 12 2 3 5 32 1 2 3 4 5 6 7 8 9 10 11 14 2 2 70 1 14 203 7 2 2 2 1 11 1 3 4 5 9 1 1 3 1 1 1 1 2 9 11 2 4 2 2 2855 27 11 5 5 1 3 9 1
1 1 2 3 4 5 6 1 2 3 4 148 150 152 154 156 158 1 1 1 1 1 1 2 3 4 5 6 7 8 9 10 71 72 73 927 12 1027 11 1 2 4 31 1 2 3 4 1 2 3 4 5 6 7 13 1 1 69 1 12 1 202 6 1 1 1 9 1 2 3 4 4 4 1 2 1 2 3 4 5 6 1 1 1 1 1 15 2839 23 3 10 4 4 2 1 7
31 33 34 35 36 127 129 137 139 141 143 1 1 1 1 1 1 2 3 4 6 7 8 9 10 11 12 13 14 15 58 60 1 2 926 11 1026 2 8 1 3 30 1 2 3 4 5 10 11 1 2 3 4 5 1 63 68 1 7 1 2 190 11 5 2 1 7 1 2 3 3 3 1 2 3 4 5 6 7 8 9 10 11 12 13 14 1 2837 14 8 2 9 3 3 1 3
83 85 87 89 90 1 1 1 1 1 1 2 3 4 5 6 7 8 9 10 11 12 13 14 15 16 17 18 41 42 1 1 913 923 10 1025 1 5 2 2 29 1 2 3 4 5 6 7 1 48 50 52 56 58 61 1 3 2 2 1 1 189 7 3 2 1 6 1 2 2 2 1 2 3 4 5 6 7 8 9 10 11 12 13 14 53 55 2781 13 1 6 1 8 2 2 2
1 1 1 1 2 1 1 2 3 4 5 6 7 8 9 10 11 12 13 14 15 16 17 18 19 20 21 22 574 902 906 911 9 9 4 1020 4 1 1 28 1 2 3 11 13 15 17 19 35 1 1 3 1 1 1 2 1 1 71 177 185 3 1 5 2 1 5 1 1 1 1 2 3 4 5 18 19 20 24 25 26 27 36 37 38 1 5 2775 7 5 2 3 3 4 1 1
3 4 5 1 2 5 7 1 1 1 2 3 4 5 6 7 8 9 10 11 12 13 14 15 16 17 18 573 327 3 4 8 8 3 1 1018 3 18 26 1 3 5 7 1 1 1 1 1 7 1 2 1 2 3 1 1 31 70 1 104 5 2 2 1 3 1 3 1 1 1 2 3 4 5 12 1 2 3 5 6 7 8 1 2 3 4 52 2722 5 1 4 1 2 2 3 1
26 27 28 34 35 36 37 45 47 49 50 51 52 53 54 55 56 57 58 59 60 61 62 63 524 532 554 326 2 3 7 7 2 8 1017 2 17 4 3 2 1 1 1 2 3 4 5 6 1 2 3 4 5 23 28 29 3 35 101 2 3 1 1 1 2 2 1 1 1 2 3 4 5 6 1 2 3 4 1 30 34 36 38 40 42 50 1 2711 10 4 1 3 1 1 1 1
8 9 10 11 12 13 14 15 16 17 18 19 20 21 22 23 24 25 26 27 28 29 30 460 7 21 325 1 2 6 6 1 7 8 1000 1 16 3 2 1 5 6 7 8 9 10 11 12 13 14 15 16 17 1 1 2 34 89 1 10 1 2 1 1 1 1 1 3 1 2 1 1 2 3 20 22 24 26 28 3 1 1 1 1 1 6 23 2687 7 2 2 1 1 1 1 1
9 10 11 12 13 14 15 16 17 18 19 20 21 22 23 24 25 26 347 349 351 353 429 6 20 1 323 1 2 3 5 6 7 8 991 1 14 2 1 4 3 4 5 6 7 8 9 10 11 12 23 24 25 29 30 33 81 7 1 4 4 2 1 1 1 1 3 1 4 6 9 11 13 16 1 1 1 1 1 1 1 2 3 4 5 22 2678 8 3 3 1 1 1 1 2 2
40 41 42 43 44 45 46 47 48 49 50 51 309 311 313 315 317 320 1 1 1 75 5 6 13 2 320 1 2 4 5 6 7 8 982 3 10 1 3 2 1 2 3 4 5 6 7 8 9 10 1 2 3 1 2 80 1 6 2 1 1 1 1 1 2 4 9 2 1 1 1 1 1 1 1 2 3 4 5 6 7 8 9 10 21 2561 116 7 2 1 1 1 1 2 2 3
11 12 13 14 15 16 246 248 250 252 254 257 1 1 1 1 1 1 1 2 74 4 5 12 1 5 314 1 3 4 5 6 7 980 1 2 9 2 1 4 5 6 7 8 9 10 11 12 13 14 15 16 17 70 73 79 1 4 1 1 2 4 4 1 1 1 1 10 3 2 3 1 1 1 1 2 3 4 5 6 7 8 9 10 2560 9 106 4 2 1 1 1 2 2 3 3
173 175 177 179 226 229 1 1 1 1 1 1 1 2 3 4 5 6 32 71 3 4 4 7 4 312 1 2 3 4 5 6 960 19 1 4 4 1 3 1 2 3 4 5 6 7 8 9 10 11 48 50 52 2 2 3 1 1 1 1 1 1 10 1 1 2 2 2 14 1 3 4 2 2 2 3 4 5 6 7 8 9 1 2559 3 5 105 3 1 1 1 2 2 3 3 4
1 1 1 46 1 1 1 2 3 4 5 6 7 8 9 10 24 25 38 2 3 3 6 3 290 21 1 2 3 4 5 959 3 15 1 2 3 2 1 2 3 4 5 6 25 27 29 31 33 36 1 1 1 1 1 1 1 1 24 28 1 1 1 12 1 2 3 3 17 2 4 5 1 3 3 1 1 1 1 1 2 3 2557 1 1 4 104 2 1 1 2 2 3 6 10 14
1 43 45 1 2 3 4 5 6 7 8 9 10 11 12 13 15 37 1 2 2 5 2 289 6 14 1 2 3 4 958 2 6 8 1 2 1 1 8 10 12 14 16 18 1 1 1 1 1 1 1 2 3 4 5 6 20 22 1 1 29 3 1 2 13 15 3 7 18 3 5 6 1 5 1 4 2 2 2 2 1 2 2540 2 3 101 2 1 1 3 5 10 1 1 2 1
41 1 1 2 3 4 5 6 7 8 9 10 11 12 13 14 1 20 1 1 4 1 288 5 3 10 1 2 3 957 1 5 3 4 1 2 4 6 1 1 1 1 1 1 2 3 4 5 6 7 8 9 10 11 12 13 1 2 1 3 2 30 4 2 3 4 20 4 26 4 6 1 7 7 1 2 5 3 3 3 6 2539 1 2 96 4 1 1 2 1 1 1 11 2 1 4
3 4 5 6 7 8 9 10 11 12 13 14 15 16 17 18 19 1 2 3 1 287 4 2 3 6 1 2 945 11 4 2 2 1 1 1 1 1 2 3 4 5 6 7 8 9 10 11 12 13 14 15 16 17 18 19 65 66 1867 1868 1872 3 31 5 8 9 10 21 5 27 5 7 2 8 8 2 5 11 16 20 2531 1 1 1 94 3 1 2 3 3 2 2 2 12 3 1
5 6 7 8 9 10 11 12 13 14 15 16 17 18 19 20 21 22 23 24 285 3 1 2 3 2 1 942 2 10 3 1 1 1 2 3 4 5 6 7 8 9 10 11 12 13 14 15 16 17 18 19 20 42 44 45 1 1798 1 2 3 1876 1880 1912 1 2 1 11 22 6 34 40 48 51 68 1 1 1 1 2510 1 1 2 93 2 1 2 1 1 4 4 3 3 6 19 23
4 5 6 7 8 9 10 11 12 1 2 3 4 5 145 147 149 246 253 260 1 1 1 1 1 1 941 1 2 7 2 1 1 2 3 4 5 6 7 8 9 10 11 12 13 14 15 16 17 18 19 20 21 1 1792 1794 1796 1 2 3 4 5 1 112 2026 2028 2032 2035 2070 1 1 1 2097 2098 2099 2168 2170 2172 2508 1 2 89 90 1 1 1 2 3 5 2 5 10 14 26 27 1
16 1 2 3 4 5 6 114 116 130 132 134 136 139 1 1 96 6 5 1 1 2 3 1 1 933 7 1 5 1 1 2 5 6 7 8 9 10 11 12 13 14 15 16 17 18 19 20 21 22 23 24 1782 1791 1 1 57 73 75 79 90 99 110 1 1 1 1 1 1 2090 2093 2095 1 2 3 4 5 334 1 1 9 76 4 5 1 2 1 3 4 6 9 10 11 1 2 30
18 97 99 101 103 105 107 1 1 1 1 1 1 1 1 95 5 4 1 2 3 4 1 4 2 931 1 6 3 1 1 1 1 2 3 4 5 6 7 8 1 2 3 4 5 6 7 8 9 10 11 1757 8 1 21 56 15 1 3 10 8 5 8 10 14 15 16 17 18 1 1 2 318 320 324 327 328 1 2 7 75 3 1 1 6 2 3 2 1 5 6 7 1 1 2 3
62 1 1 1 1 1 1 2 3 4 5 6 7 21 93 4 3 1 2 1 2 3 8 14 914 1 12 4 1 2 1 2 3 4 5 6 7 8 1 2 11 12 1 2 3 63 65 67 69 71 1745 1 6 19 1 33 14 2 9 7 4 7 1 3 5 7 14 18 19 30 276 315 1 3 2 1 2 3 4 74 2 1 2 2 4 7 3 4 3 2 1 1 9 2 3 4
1 2 3 4 5 6 7 8 9 10 11 12 13 71 3 2 1 2 3 6 7 8 9 891 1 7 6 5 3 1 1 2 1 2 3 1 2 3 12 37 39 41 55 57 59 1 1 1 1 1 1672 5 18 10 32 13 1 8 6 3 5 1 2 4 1 6 3 3 10 245 37 1 2 1 1 2 3 4 73 1 1 1 1 4 1 5 8 12 42 47 51 54 55 65 1 2
7 37 38 39 40 41 42 43 44 45 55 57 70 2 1 1 2 3 4 5 6 7 804 77 1 6 5 4 2 1 2 3 6 14 15 19 20 22 24 1 1 1 1 1 1 2 3 4 1668 1671 4 17 9 21 10 2 4 3 5 2 4 1 3 3 5 2 2 6 244 5 31 1 1 2 3 1 2 3 65 1 2 4 10 11 16 18 24 25 1 1 1 1 2 3 66 1
29 1 2 3 4 5 6 7 8 9 1 12 1 1 2 3 4 5 6 766 772 796 64 10 1 5 4 3 1 2 4 6 7 1 2 1 1 1 1 1 2 3 4 5 6 7 8 1663 2 3 16 8 14 6 9 1 3 2 4 1 3 2 2 1 1 1 5 243 4 10 20 1 2 3 4 8 51 62 2 1 3 4 1 1 1 1 1 2 3 4 1 2 3 1 5 73
1 2 3 4 5 6 7 8 9 10 11 1 2 3 4 5 6 7 759 5 23 16 47 8 1 4 3 2 1 1 1 1 2 3 4 7 2 1 2 2 3 4 5 6 7 8 1654 1 2 15 7 6 7 5 7 1 2 1 3 2 1 1 1 2 3 4 242 3 9 2 17 1 3 5 9 42 8 2 1 1 1 2 3 2 2 2 4 5 1 2 5 1 2 4 5 1
21 22 23 24 25 26 27 28 29 30 31 32 33 34 35 746 749 751 4 22 11 4 46 6 1 3 2 1 1 2 3 1 2 3 4 5 13 16 17 20 21 22 23 24 1586 1621 24 1 7 7 6 5 6 4 5 1 1 2 1 1 2 3 1 228 238 241 2 8 1 14 2 1 1 3 1 31 7 1 1 2 3 1 1 4 3 6 7 8 14 15 18 24 25 28 29 188
22 23 24 25 26 27 28 29 30 204 206 208 210 221 710 2 1 3 4 17 10 3 45 4 1 2 1 1 2 3 4 8 9 10 11 12 13 14 15 29 59 107 1540 1561 34 12 10 1 6 6 5 4 5 3 3 1 1 1 7 9 11 13 226 6 3 2 1 7 9 4 1 1 2 25 30 5 1 1 1 1 1 5 7 2 5 1 2 3 4 84 85 86 87 88 140 9
19 20 143 145 147 149 151 153 173 1 1 1 10 4 484 1 2 3 16 3 6 2 44 1 2 1 1 2 3 4 5 6 7 8 9 10 11 12 13 29 47 1432 20 25 8 11 8 1 5 5 4 3 4 2 2 1 3 5 1 1 1 208 1 5 2 1 6 8 2 1 1 21 24 4 3 1 1 1 2 2 2 1 1 9 12 18 19 20 79 4 5 6 7 12 51 8
119 122 1 1 1 1 1 14 5 3 6 9 3 3 480 1 2 12 3 2 5 1 42 1 1 2 4 5 6 7 8 9 10 11 12 13 14 26 28 46 1431 19 16 8 7 10 6 1 4 4 3 2 3 1 1 1 1 1 17 20 23 184 1 3 1 5 6 1 1 1 19 2 3 2 1 1 1 2 2 3 3 3 5 6 45 46 49 58 3 1 2 3 4 31 7 6
1 1 1 2 11 12 13 4 2 2 2 2 2 2 477 1 4 7 2 1 4 3 37 1 1 1 1 2 3 4 5 6 7 8 9 10 11 1 45 1430 18 8 7 7 6 9 1 4 3 3 2 1 2 1 2 3 13 15 2 2 153 28 2 2 1 3 5 4 9 17 1 2 1 1 2 4 2 2 3 3 4 8 9 38 1 2 8 2 2 4 10 12 30 2 4 3
5 6 7 8 1 2 3 1 1 1 1 1 1 443 33 2 1 6 1 3 2 2 33 1 1 2 3 4 5 6 7 8 9 10 38 40 42 44 1429 9 8 7 6 6 5 7 1 3 2 2 1 1 1 2 7 9 1 1 1 152 9 18 1 1 2 4 3 4 4 3 1 1 1 1 1 1 6 3 3 4 8 26 28 4 6 7 1 1 1 5 1 2 15 1 3 2
36 37 38 39 40 41 42 43 44 45 429 435 442 9 23 1 1 4 2 1 1 4 28 1 2 3 4 5 17 19 21 23 25 27 1 1 1 1 1427 8 7 6 5 5 4 5 1 2 1 1 1 2 3 4 1 1 2 143 151 8 10 6 1 1 3 2 3 3 2 1 1 1 2 2 2 2 1 8 15 16 17 1 3 1 1 2 1 2 3 1 1 11 3 1 1 1
8 9 10 11 12 13 14 15 16 383 5 6 8 7 14 1 3 1 1 2 3 22 5 1 4 6 8 11 1 1 1 1 1 1 2 3 1170 1425 1 7 6 5 4 4 3 3 1 1 1 2 3 4 5 6 7 134 140 7 5 2 9 2 3 2 1 2 2 1 1 1 2 4 6 9 14 15 18 1 2 3 1 2 1 1 2 3 6 7 8 9 10 1 1 1 1 2
12 13 14 15 16 17 18 19 366 4 5 7 6 12 1 2 5 7 11 15 21 3 1 2 1 1 1 1 1 2 3 4 5 6 1158 1166 242 11 1 6 5 4 3 3 2 1 1 1 1 1 1 2 3 119 126 5 4 2 4 1 8 1 2 1 1 1 1 2 3 5 7 1 1 1 1 2 1 20 21 1 4 1 1 2 1 2 3 9 10 1 1 1 2 1 2 3
27 28 29 30 31 32 344 346 3 4 6 5 4 7 1 4 1 3 3 3 2 2 1 1 2 3 4 5 6 7 8 9 10 1151 7 229 12 9 1 5 4 3 2 2 1 1 1 1 2 2 4 5 115 2 4 4 3 1 3 4 2 1 1 1 1 1 1 1 1 1 1 8 2 2 2 1 3 4 5 27 29 34 2 2 3 4 5 1 2 13 15 2 1 3 2 1
9 10 11 279 302 311 1 2 3 5 1 3 3 6 1 2 2 2 2 1 1 1 2 3 4 5 6 7 8 9 10 11 1140 6 217 11 11 1 7 4 3 2 1 1 1 1 2 4 6 88 96 103 6 1 3 3 2 2 2 1 1 1 1 1 2 2 2 2 2 2 2 2 9 3 3 3 5 6 7 1 1 1 35 3 6 1 2 1 1 2 3 19 22 24 28 32
138 143 267 22 1 7 1 2 2 2 2 2 2 3 1 1 1 1 1 2 3 1 2 1 2 1 2 3 4 21 22 1128 5 198 18 10 9 1 6 3 2 1 1 1 1 3 5 75 79 7 3 3 4 1 2 2 1 1 1 1 1 1 2 2 2 3 3 3 5 1 3 6 3 10 4 8 9 1 1 8 2 2 2 36 7 1 1 3 2 1 1 1 74 76 79 81
4 123 18 3 4 2 1 1 1 1 1 1 1 1 1 2 1 1 1 1 1 5 6 9 10 13 14 15 16 1090 1105 4 14 183 17 9 7 1 5 2 1 36 38 41 44 64 69 3 3 3 2 2 2 1 1 1 1 1 1 1 3 1 2 3 3 3 4 4 8 6 2 1 8 12 23 24 25 10 2 2 9 3 5 1 37 8 2 2 4 3 5 72 1 2 1 5
122 17 2 3 1 3 4 5 6 7 8 9 10 11 12 13 16 18 2 4 6 41 1059 1064 1067 1073 1074 1075 1089 14 3 8 5 182 16 8 5 1 4 1 35 1 1 1 19 2 2 2 2 2 1 1 1 1 1 1 1 2 2 2 2 4 2 3 4 4 4 5 6 15 22 25 26 27 28 29 30 56 67 70 3 16 22 2 1 38 47 51 55 60 64 1 1 1 4 23345
16 1 2 1 2 1 2 3 4 5 6 7 8 9 10 11 12 13 32 33 34 1017 4 2 5 3 8 13 13 2 2 5 4 181 15 7 3 1 3 1 33 5 9 16 2 1 1 1 1 1 1 1 1 1 3 1 2 4 3 1 4 7 12 15 19 24 29 34 35 36 37 38 39 40 41 42 1 230 232 236 310 311 312 337 2 1 1 1 1 3 1 2 1 1 1 23344
12 1 1 2 3 4 5 6 7 8 9 10 11 12 13 14 15 980 992 1001 1016 3 1 4 2 4 4 4 8 1 1 4 3 180 14 6 1 1 2 32 4 3 3 3 1 1 1 1 1 1 1 2 3 2 1 5 3 1 8 1 28 29 30 31 32 33 34 35 36 37 38 39 68 70 72 74 228 1 3 1 2 2 3 4 342 3 2 1 1 1 2 23134 23141 23143 23334 3
1 2 3 4 5 12 13 14 15 16 17 18 19 953 955 959 964 11 8 12 2 2 3 1 3 3 3 5 1 1 3 2 179 4 9 4 1 1 31 3 2 2 2 1 1 1 2 2 2 2 2 2 3 4 4 10 11 15 17 26 1 1 2 3 4 5 17 19 21 23 25 28 1 1 1 110 1 1 1 1 1 1 2 1 1 343 4 7 2 3 23131 4 6 17 173 7
2 3 4 5 6 213 215 218 234 237 240 907 933 1 3 4 10 1 6 11 1 1 2 2 2 2 2 2 1 2 1 178 3 5 3 2 1 30 2 1 1 1 1 1 2 2 2 3 3 3 3 3 64 67 74 77 80 82 84 1 2 4 5 7 9 11 1 1 1 1 1 1 107 108 109 1 2 3 4 5 6 7 8 11 3 344 1 2 23118 23127 3 5 5 5 9 156
189 190 191 192 212 1 2 15 2 2 666 1 24 2 3 4 5 5 4 5 1 1 1 1 1 1 1 1 2 3 177 2 2 2 2 1 28 1 1 1 1 1 1 2 2 3 3 3 4 8 15 55 2 2 2 2 1 1 1 86 1 1 1 1 1 1 2 3 4 5 6 106 2 4 5 1 10 11 12 13 1 2 1 1 16 361 23093 23099 9 8 2 4 4 4 4 4
3 5 11 17 2 1 14 1 1 658 7 23 1 2 3 4 4 3 2 2 1 2 3 4 5 1 2 3 159 173 1 1 1 1 23 26 1 1 1 1 2 2 2 2 3 3 7 11 35 37 39 1 1 1 1 1 1 1 1 2 87 89 91 92 93 94 95 96 97 98 99 1 1 1 2 8 1 1 1 1 14 1 5 1 22682 22731 4 1 8 7 1 3 3 3 3 3
1 5 2 3 1 13 647 651 657 6 6 16 1 2 3 3 2 1 1 1 2 3 4 5 6 12 13 155 13 3 7 12 17 22 1 1 1 1 2 2 2 3 3 6 11 16 18 20 1 1 1 1 1 1 1 1 2 2 2 3 6 7 8 9 10 11 12 1 1 1 1 2 1 1 1 2 1 3 2 2 2 15 22672 22675 22680 48 2 1 7 5 1 2 2 2 2 2
4 1 1 1 12 646 3 5 5 5 5 10 1 2 2 1 1 2 3 1 2 3 4 5 6 140 141 12 2 3 4 4 2 2 1 1 1 3 5 8 11 17 1 2 1 1 1 1 1 1 1 2 2 2 2 2 2 3 3 4 5 6 7 8 9 1 1 13 2 2 2 1 3 2 2 1 3 1 6 1 3 22650 1 2 4 8 39 1 6 2 2 1 1 1 1 1
1 2 3 11 645 2 4 4 4 4 3 6 1 1 1 2 3 4 5 9 10 120 125 129 133 5 11 1 2 3 2 1 1 1 1 4 1 1 1 1 1 1 18 19 1 1 1 1 2 2 2 4 3 3 3 3 3 3 4 1 1 1 2 3 1 10 2 2 14 3 3 3 2 4 7 10 12 16 22394 1 22410 234 1 1 2 1 7 38 3 2 1 1 1 1 1 104
5 6 7 644 1 3 3 3 3 2 4 1 1 2 3 4 5 6 7 106 109 4 3 3 4 2 3 1 1 1 1 1 1 1 1 1 5 2 2 2 4 6 2 1 20 2 2 2 2 3 6 7 5 4 4 4 4 4 4 5 2 2 1 1 4 2 13 3 3 15 4 8 12 15 22360 22362 22367 22370 2 22407 1 232 112 6 4 1 6 35 2 2 1 1 2 71 93 9
4 5 6 637 2 2 2 2 1 3 1 2 3 4 5 6 7 8 98 2 3 2 2 3 1 1 1 1 1 1 1 1 2 2 2 3 1 6 9 12 13 14 7 3 2 23 26 29 32 35 36 37 45 6 5 5 5 5 5 10 1 3 3 2 2 5 6 14 49 54 73 75 77 22344 1 4 2 1 9 1 1 105 12 105 1 3 5 32 2 1 1 40 67 11 9 8
5 6 636 1 1 1 1 1 2 1 2 3 71 73 77 81 84 89 1 2 1 1 1 1 1 1 1 1 2 2 3 1 2 3 8 1 4 2 1 1 1 1 16 8 12 13 14 15 16 17 18 19 20 66 7 6 6 6 6 16 1 2 6 10 14 18 20 31 1 3 1 1 1 22265 3 1 3 8 1 10 98 6 1 10 104 2 4 29 2 1 39 11 15 10 8 4
534 626 3 1 2 3 12 14 16 18 20 67 1 3 3 2 2 2 1 1 2 1 1 1 1 2 3 1 2 3 6 2 3 1 10 1 2 5 3 2 2 2 3 20 69 73 77 81 82 87 88 89 1 1 67 81 1 7 14 21 18 1 1 1 1 1 2 2 2 2 4 6 22261 3 2 2 1 3 8 1 86 1 4 9 14 89 1 3 28 1 38 10 14 9 2 5
91 2 2 4 6 8 1 1 1 1 45 1 2 2 1 1 1 1 1 1 1 3 2 2 2 2 3 4 2 3 4 7 3 4 1 11 2 3 6 4 3 3 4 48 3 3 3 3 4 6 8 18657 18747 18749 18751 1 83 85 86 87 109 19 2 2 3 1 1 1 1 1 1 9 22245 2 1 1 2 4 3 26 85 1 3 8 13 8 80 2 25 2 37 9 13 6 2 1
1 1 1 1 1 1 2 3 40 43 1 1 1 1 2 3 4 1 2 2 2 2 4 3 3 3 6 4 5 3 8 8 4 1 5 2 12 3 4 7 12 41 43 2 2 2 2 2 5 1 18648 1 6 8 9 18761 1 2 1 2 1 110 20 3 1 5 1 1 1 1 8 22220 21 3 1 1 3 2 25 3 53 1 2 7 12 7 79 1 24 1 36 8 8 4 5 1
1 2 26 28 30 32 34 36 2 1 1 1 1 1 1 1 1 5 2 3 3 3 3 5 4 4 5 7 5 6 4 17 5 1 2 6 3 13 17 22 25 1 1 1 1 1 1 1 1 18647 2 4 1 1 2 3 18765 18766 18769 18786 18790 18792 111 132 4 5 6 2 4 6 22209 10 19 1 2 2 1 24 2 47 5 1 1 5 11 6 78 14 1 8 35 6 1 7 3 4
20 23 1 1 1 1 1 1 1 1 2 2 2 2 2 2 2 2 6 3 4 4 4 4 6 5 6 6 8 6 7 22 1 7 3 1 11 1 1 2 1 1 1 1 1 1 2 3 18646 1 1 1 8 10 11 12 13 15 16 1 1 2 18795 18796 133 134 140 147 22099 22199 9 7 2 18 1 1 23 1 9 37 1 3 4 6 4 5 77 12 1 7 28 6 5 3 3 2
2 1 1 1 1 1 1 1 1 2 2 3 3 3 3 3 3 3 3 7 4 5 5 5 5 92 94 101 108 117 131 1 23 9 1 4 5 17 2 1 1 3 5 12 18630 18631 18633 18636 18642 1 4 6 1 1 2 3 1 1 1 1 1 1 1 2 18797 18798 18799 21951 52 47 6 2 6 1 17 1 21 8 7 29 2 1 2 5 3 4 76 10 1 6 5 22 5 4 2 2
1 1 2 2 2 2 2 2 2 2 3 3 4 4 4 7 1 8 1 45 54 60 67 74 80 1 1 2 3 1 1 132 2 35 2 1 1 2 20 23 2 3 4 18614 2 1 2 1 4 2 1 1 6 7 8 12 1 2 2 2 2 2 2 1 3 4 3151 2 49 46 3 2 1 5 16 20 7 6 20 8 1 1 4 2 3 6 69 8 1 5 4 21 1 3 3 1
1 2 2 3 3 3 3 3 3 8 1 4 4 9 18 26 27 30 40 1 1 1 1 1 2 3 4 12 14 19 21 23 156 8838 8874 8877 8879 1 1 2 24 8915 18609 4 1 1 2 3 1 1 2 4 1 2 3 16 1 1 7 1 5 3 1 3 3045 3050 96 1 2 46 45 2 1 4 15 19 6 5 19 6 1 3 1 2 5 54 14 6 1 4 3 19 1 2 1 1
2 4 1 3 4 7 1 8 9 10 19 21 26 1 1 1 2 1 1 2 1 2 3 4 5 6 7 1 1 1 14 8677 8681 1 3 4 1 8880 2 1 8890 9688 5 2 1 1 1 2 3 1 1 1 2 3 16 17 37 1 42 50 58 157 161 3039 1 4 92 3 1 45 3 41 1 3 14 18 5 4 18 4 1 2 1 4 44 9 13 1 4 3 1 1 18 1 1 1
6 9 5 7 11 16 24 1 1 1 1 1 1 28 30 32 1 1 1 1 3 4 5 6 7 8 9 10 11 12 8662 2 1 1 1 2 7 2 8883 8886 9687 3 1 1 1 2 1 2 1 4 6 7 10 12 1 2 1 41 2 5 1 90 2 2876 1 3 83 8 2 44 2 39 1 2 13 17 4 3 17 1 2 1 3 31 12 8 11 1 3 1 1 11 16 1 1 1
1 2 10 1 1 1 1 25 2 2 2 2 2 1 1 1 33 35 2 2 2 1 2 3 4 8654 8657 8659 8660 8661 1 1 1 2 3 4 5 24 9664 9685 1 1 1 1 9 10 14 15 3 5 1 2 1 1 1 1 2 1 1 1 88 1 1 2870 5 2 82 7 1 43 1 16 22 1 12 16 3 2 15 1 1 2 23 7 11 7 8 2 1 1 10 1 1 1 1 3
