assignment_7/pihm/Nov1120241019/RasterProcessing/fac.asc
ncols         977
nrows         666
xllcenter     -2134035.000000
yllcenter     3358815.000000
cellsize      12.449000
nodata_value  -1
[rows 414 to 482 of 666, columns 0 to 95 of 977]
-1 -1 -1 -1 -1 -1 -1 -1 -1 -1 -1 -1 -1 -1 -1 -1 -1 -1 -1 -1 -1 -1 -1 -1 -1 -1 -1 -1 -1 -1 -1 -1 -1 -1 -1 -1 -1 -1 -1 2 1 1 1 1 1 1 1 1 1 50 22 12 11 10 9 8 7 6 5 2 1 1 2 68 7 1 2 5 3 83 866 864 1 1 1 1 1 1 28 27 26 25 23 22 21 20 9 8 7 6 5 4 3 2 1 1
-1 -1 -1 -1 -1 -1 -1 -1 -1 -1 -1 -1 -1 -1 -1 -1 -1 -1 -1 -1 -1 -1 -1 -1 -1 -1 -1 -1 -1 -1 -1 -1 -1 -1 -1 -1 -1 -1 -1 2 1 1 2 4 2 2 2 2 51 17 1 9 8 7 6 5 4 3 2 2 1 1 67 2 4 1 1 4 2 5 77 1 862 860 858 856 854 37 8 7 6 5 4 3 2 1 10 9 8 7 6 5 4 3 2 252
-1 -1 -1 -1 -1 -1 -1 -1 -1 -1 -1 -1 -1 -1 -1 -1 -1 -1 -1 -1 -1 -1 -1 -1 -1 -1 -1 -1 -1 -1 -1 -1 -1 -1 -1 -1 -1 -1 -1 1 2 3 5 10 9 6 3 73 21 3 15 8 7 6 5 4 3 2 1 1 1 3 65 1 1 1 2 1 1 4 5 71 57 43 36 20 18 815 332 312 311 274 273 272 271 270 269 268 267 266 265 264 263 262 261 8
-1 -1 -1 -1 -1 -1 -1 -1 -1 -1 -1 -1 -1 -1 -1 -1 -1 -1 -1 -1 -1 -1 -1 -1 -1 -1 -1 -1 -1 -1 -1 -1 -1 -1 -1 -1 -1 -1 -1 3 4 98 92 81 80 79 78 4 3 2 2 6 3 2 1 1 1 1 1 1 1 1 2 59 7 2 1 1 1 2 4 13 1 12 6 15 1 17 482 19 14 36 31 30 29 28 24 23 22 19 16 13 11 7 6 5
-1 -1 -1 -1 -1 -1 -1 -1 -1 -1 -1 -1 -1 -1 -1 -1 -1 -1 -1 -1 -1 -1 -1 -1 -1 -1 -1 -1 -1 -1 -1 -1 -1 -1 -1 -1 -1 -1 -1 113 108 9 8 7 6 5 4 3 2 1 1 1 2 1 21 17 15 9 7 3 1 1 2 48 1 4 3 2 1 1 3 11 1 6 5 5 14 4 12 481 4 13 4 3 2 1 3 2 1 2 2 2 1 3 2 1
-1 -1 -1 -1 -1 -1 -1 -1 -1 -1 -1 -1 -1 -1 -1 -1 -1 -1 -1 -1 -1 -1 -1 -1 -1 -1 -1 -1 -1 -1 -1 -1 -1 -1 -1 -1 -1 -1 -1 3 2 1 1 1 1 1 1 1 46 44 41 38 35 27 4 2 1 4 2 2 1 1 2 33 12 11 10 9 4 1 2 9 1 5 4 4 13 3 3 8 480 3 12 7 6 5 4 3 2 1 1 1 1 1 1 1
-1 -1 -1 -1 -1 -1 -1 -1 -1 -1 -1 -1 -1 -1 -1 -1 -1 -1 -1 -1 -1 -1 -1 -1 -1 -1 -1 -1 -1 -1 -1 -1 -1 -1 -1 -1 -1 -1 -1 -1 1 1 59 56 54 52 50 48 1 1 2 2 2 7 1 3 2 1 1 1 1 1 2 17 13 12 8 4 4 2 1 7 1 4 3 3 12 2 2 6 1 479 2 4 2 1 1 2 1 1 1 1 2 2 1 21
-1 -1 -1 -1 -1 -1 -1 -1 -1 -1 -1 -1 -1 -1 -1 -1 -1 -1 -1 -1 -1 -1 -1 -1 -1 -1 -1 -1 -1 -1 -1 -1 -1 -1 -1 -1 -1 -1 -1 -1 71 69 9 8 7 6 5 4 3 2 1 1 1 1 6 5 4 3 2 1 1 1 1 9 6 3 3 3 3 3 1 5 1 3 2 2 11 1 1 4 1 3 475 1 1 12 10 7 6 4 2 3 3 1 1 353
-1 -1 -1 -1 -1 -1 -1 -1 -1 -1 -1 -1 -1 -1 -1 -1 -1 -1 -1 -1 -1 -1 -1 -1 -1 -1 -1 -1 -1 -1 -1 -1 -1 -1 -1 -1 -1 -1 -1 -1 21 20 19 18 17 16 15 14 13 12 11 10 9 8 7 6 5 4 3 2 1 1 1 8 2 2 2 2 2 2 2 2 2 2 1 1 9 1 1 1 1 2 3 471 17 4 3 2 1 1 4 4 2 2 354 6
-1 -1 -1 -1 -1 -1 -1 -1 -1 -1 -1 -1 -1 -1 -1 -1 -1 -1 -1 -1 -1 -1 -1 -1 -1 -1 -1 -1 -1 -1 -1 -1 -1 -1 -1 -1 -1 -1 -1 -1 262 261 260 259 258 256 250 249 248 12 11 10 9 8 7 6 5 4 3 2 1 2 1 3 1 1 1 1 1 1 1 1 1 1 1 1 1 8 3 2 1 1 1 4 449 433 9 8 7 5 5 3 3 370 15 1
-1 -1 -1 -1 -1 -1 -1 -1 -1 -1 -1 -1 -1 -1 -1 -1 -1 -1 -1 -1 -1 -1 -1 -1 -1 -1 -1 -1 -1 -1 -1 -1 -1 -1 -1 -1 -1 -1 -1 -1 3 2 1 1 1 1 5 3 2 235 233 224 223 222 221 220 219 218 217 216 214 211 2 1 2 1 1 6 5 4 2 1 1 1 1 2 1 1 2 1 1 1 1 2 14 1 423 422 388 387 381 377 373 2 1 7
-1 -1 -1 -1 -1 -1 -1 -1 -1 -1 -1 -1 -1 -1 -1 -1 -1 -1 -1 -1 -1 -1 -1 -1 -1 -1 -1 -1 -1 -1 -1 -1 -1 -1 -1 -1 -1 -1 -1 -1 4 3 2 2 1 1 1 1 1 1 1 8 4 3 2 1 1 1 1 1 1 1 207 29 17 12 10 3 2 1 1 1 3 1 4 2 1 1 1 1 1 2 1 1 13 10 6 1 33 21 20 19 18 17 16 14
-1 -1 -1 -1 -1 -1 -1 -1 -1 -1 -1 -1 -1 -1 -1 -1 -1 -1 -1 -1 -1 -1 -1 -1 -1 -1 -1 -1 -1 -1 -1 -1 -1 -1 -1 -1 -1 -1 -1 -1 5 4 3 2 2 2 1 3 1 1 1 1 3 2 1 87 20 18 16 14 12 10 174 3 11 4 3 2 1 1 1 5 2 5 3 2 2 1 1 3 4 2 1 1 1 1 3 4 2 11 9 7 5 3 1 1
-1 -1 -1 -1 -1 -1 -1 -1 -1 -1 -1 -1 -1 -1 -1 -1 -1 -1 -1 -1 -1 -1 -1 -1 -1 -1 -1 -1 -1 -1 -1 -1 -1 -1 -1 -1 -1 -1 -1 -1 5 4 3 3 3 2 4 1 1 127 120 116 109 107 98 6 65 58 47 46 7 5 9 173 2 10 2 1 2 2 1 8 6 4 3 1 3 2 66 61 51 50 36 31 27 24 2 2 1 1 1 1 1 1 1 1
-1 -1 -1 -1 -1 -1 -1 -1 -1 -1 -1 -1 -1 -1 -1 -1 -1 -1 -1 -1 -1 -1 -1 -1 -1 -1 -1 -1 -1 -1 -1 -1 -1 -1 -1 -1 -1 -1 -1 -1 -1 1 1 153 146 143 138 136 134 3 4 2 6 1 8 4 5 6 10 4 38 1 4 8 172 1 7 6 3 1 106 96 89 84 80 78 74 71 4 1 5 4 6 3 3 2 21 1 1 1 1 1 1 3 2 2
-1 -1 -1 -1 -1 -1 -1 -1 -1 -1 -1 -1 -1 -1 -1 -1 -1 -1 -1 -1 -1 -1 -1 -1 -1 -1 -1 -1 -1 -1 -1 -1 -1 -1 -1 -1 -1 -1 -1 -1 -1 166 164 10 9 8 7 6 3 3 2 3 1 5 1 6 3 4 5 5 3 37 2 1 7 171 141 140 139 137 30 28 26 17 15 12 11 3 1 2 4 3 3 2 2 2 1 20 13 11 9 7 5 1 3 133
-1 -1 -1 -1 -1 -1 -1 -1 -1 -1 -1 -1 -1 -1 -1 -1 -1 -1 -1 -1 -1 -1 -1 -1 -1 -1 -1 -1 -1 -1 -1 -1 -1 -1 -1 -1 -1 -1 -1 -1 -1 8 7 6 5 4 3 2 2 2 2 1 2 3 1 3 2 2 3 4 4 2 36 1 3 3 29 9 7 5 1 1 1 8 1 2 2 5 1 1 1 2 2 2 1 1 1 1 5 4 3 2 1 164 160 26
-1 -1 -1 -1 -1 -1 -1 -1 -1 -1 -1 -1 -1 -1 -1 -1 -1 -1 -1 -1 -1 -1 -1 -1 -1 -1 -1 -1 -1 -1 -1 -1 -1 -1 -1 -1 -1 -1 -1 -1 -1 9 8 7 6 5 4 2 1 1 1 1 1 1 1 1 1 1 1 2 3 3 1 35 2 2 2 19 1 1 3 2 1 1 7 4 1 1 4 3 2 1 1 1 1 1 1 1 1 175 174 173 172 7 6 5
-1 -1 -1 -1 -1 -1 -1 -1 -1 -1 -1 -1 -1 -1 -1 -1 -1 -1 -1 -1 -1 -1 -1 -1 -1 -1 -1 -1 -1 -1 -1 -1 -1 -1 -1 -1 -1 -1 -1 -1 -1 11 6 5 4 3 1 1 1 1 1 1 1 1 1 1 1 1 2 1 1 2 2 31 1 1 1 1 18 16 13 11 7 4 1 2 3 2 1 5 4 3 2 1 1 2 2 3 176 1 7 6 5 4 3 2
-1 -1 -1 -1 -1 -1 -1 -1 -1 -1 -1 -1 -1 -1 -1 -1 -1 -1 -1 -1 -1 -1 -1 -1 -1 -1 -1 -1 -1 -1 -1 -1 -1 -1 -1 -1 -1 -1 -1 -1 -1 5 4 3 2 1 1 1 2 2 2 2 2 1 3 2 2 3 1 1 1 1 1 1 30 28 20 17 1 1 1 1 3 1 2 1 1 1 10 4 3 2 1 1 1 6 4 206 29 27 19 18 17 16 15 14
-1 -1 -1 -1 -1 -1 -1 -1 -1 -1 -1 -1 -1 -1 -1 -1 -1 -1 -1 -1 -1 -1 -1 -1 -1 -1 -1 -1 -1 -1 -1 -1 -1 -1 -1 -1 -1 -1 -1 -1 -1 1 4 3 2 1 2 3 3 1 3 5 2 1 6 1 6 2 2 2 3 1 3 2 1 1 7 2 16 8 3 2 1 2 1 1 1 12 4 3 2 1 1 1 3 242 227 14 13 12 11 10 9 8 7 6
-1 -1 -1 -1 -1 -1 -1 -1 -1 -1 -1 -1 -1 -1 -1 -1 -1 -1 -1 -1 -1 -1 -1 -1 -1 -1 -1 -1 -1 -1 -1 -1 -1 -1 -1 -1 -1 -1 -1 -1 -1 3 2 1 1 1 6 4 2 1 9 1 3 8 2 7 3 6 3 5 1 4 1 5 4 3 2 6 1 7 4 3 2 1 2 2 1 17 1 2 1 1 2 248 243 82 4 6 5 4 3 2 1 1 1 1
-1 -1 -1 -1 -1 -1 -1 -1 -1 -1 -1 -1 -1 -1 -1 -1 -1 -1 -1 -1 -1 -1 -1 -1 -1 -1 -1 -1 -1 -1 -1 -1 -1 -1 -1 -1 -1 -1 -1 -1 -1 -1 1 1 2 13 5 3 2 10 2 4 1 11 28 20 16 9 8 2 1 6 6 4 3 2 1 1 5 1 6 5 2 1 3 5 1 365 343 340 339 337 334 85 84 1 81 3 2 1 1 1 1 57 54 52
-1 -1 -1 -1 -1 -1 -1 -1 -1 -1 -1 -1 -1 -1 -1 -1 -1 -1 -1 -1 -1 -1 -1 -1 -1 -1 -1 -1 -1 -1 -1 -1 -1 -1 -1 -1 -1 -1 -1 -1 -1 -1 38 37 33 19 18 14 11 3 7 2 12 36 7 6 5 4 3 2 1 24 11 6 5 4 3 2 1 3 2 1 2 1 377 368 367 1 3 2 1 1 1 1 1 1 1 80 70 69 67 65 63 5 4 3
-1 -1 -1 -1 -1 -1 -1 -1 -1 -1 -1 -1 -1 -1 -1 -1 -1 -1 -1 -1 -1 -1 -1 -1 -1 -1 -1 -1 -1 -1 -1 -1 -1 -1 -1 -1 -1 -1 -1 -1 -1 -1 533 532 530 493 492 491 490 486 478 477 464 427 426 425 424 423 422 421 420 395 394 393 392 391 387 386 385 384 383 382 381 380 2 1 1 1 1 1 1 13 10 8 6 4 2 1 9 8 7 6 5 4 3 2
-1 -1 -1 -1 -1 -1 -1 -1 -1 -1 -1 -1 -1 -1 -1 -1 -1 -1 -1 -1 -1 -1 -1 -1 -1 -1 -1 -1 -1 -1 -1 -1 -1 -1 -1 -1 -1 -1 -1 -1 -1 -1 31 1 1 36 35 34 33 32 31 30 29 13 12 11 10 9 8 7 6 5 4 3 2 1 3 2 1 1 1 1 1 1 1 4 2 105 103 101 99 85 84 83 82 81 80 78 56 55 41 40 27 26 25 24
-1 -1 -1 -1 -1 -1 -1 -1 -1 -1 -1 -1 -1 -1 -1 -1 -1 -1 -1 -1 -1 -1 -1 -1 -1 -1 -1 -1 -1 -1 -1 -1 -1 -1 -1 -1 -1 -1 -1 -1 -1 -1 428 29 28 24 17 16 6 5 4 3 2 15 13 9 8 7 6 5 4 3 2 1 1 1 1 1 1 5 2 4 2 2 5 1 112 6 5 4 3 2 1 1 7 6 1 1 21 18 13 12 12 11 10 9
-1 -1 -1 -1 -1 -1 -1 -1 -1 -1 -1 -1 -1 -1 -1 -1 -1 -1 -1 -1 -1 -1 -1 -1 -1 -1 -1 -1 -1 -1 -1 -1 -1 -1 -1 -1 -1 -1 -1 -1 -1 -1 5 427 423 3 6 3 9 7 5 2 1 1 1 3 2 1 1 1 1 1 1 20 17 6 4 2 6 6 5 1 3 8 2 113 2 1 2 1 2 1 2 21 13 12 4 3 2 2 17 1 11 10 9 8
-1 -1 -1 -1 -1 -1 -1 -1 -1 -1 -1 -1 -1 -1 -1 -1 -1 -1 -1 -1 -1 -1 -1 -1 -1 -1 -1 -1 -1 -1 -1 -1 -1 -1 -1 -1 -1 -1 -1 -1 -1 -1 3 4 3 422 2 2 2 1 1 2 1 1 2 1 1 42 40 30 28 26 24 1 1 9 8 7 7 1 15 13 9 115 114 3 1 3 1 32 29 28 25 3 2 1 11 10 9 1 1 15 14 13 12 11
-1 -1 -1 -1 -1 -1 -1 -1 -1 -1 -1 -1 -1 -1 -1 -1 -1 -1 -1 -1 -1 -1 -1 -1 -1 -1 -1 -1 -1 -1 -1 -1 -1 -1 -1 -1 -1 -1 -1 -1 -1 -1 2 2 3 2 421 1 1 1 1 363 362 354 346 59 53 5 1 8 4 3 1 2 1 1 1 8 19 17 1 177 176 60 59 55 53 49 47 14 13 12 11 10 9 5 4 3 1 8 7 6 3 2 1 1
-1 -1 -1 -1 -1 -1 -1 -1 -1 -1 -1 -1 -1 -1 -1 -1 -1 -1 -1 -1 -1 -1 -1 -1 -1 -1 -1 -1 -1 -1 -1 -1 -1 -1 -1 -1 -1 -1 -1 -1 -1 -1 -1 1 1 2 1 420 397 390 382 12 6 6 5 286 4 5 3 2 3 1 1 1 2 2 9 22 2 1 181 3 2 1 17 16 15 8 7 6 5 4 3 2 1 3 2 1 1 36 35 1 2 1 21 19
-1 -1 -1 -1 -1 -1 -1 -1 -1 -1 -1 -1 -1 -1 -1 -1 -1 -1 -1 -1 -1 -1 -1 -1 -1 -1 -1 -1 -1 -1 -1 -1 -1 -1 -1 -1 -1 -1 -1 -1 -1 -1 -1 22 12 5 1 11 11 6 6 6 5 5 5 4 285 3 4 2 1 1 2 3 3 10 23 209 208 207 25 24 23 22 4 3 1 6 5 4 3 2 1 1 1 1 1 1 39 2 1 33 32 31 8 1
-1 -1 -1 -1 -1 -1 -1 -1 -1 -1 -1 -1 -1 -1 -1 -1 -1 -1 -1 -1 -1 -1 -1 -1 -1 -1 -1 -1 -1 -1 -1 -1 -1 -1 -1 -1 -1 -1 -1 -1 -1 -1 -1 11 9 6 4 10 5 5 5 5 5 4 4 4 3 284 2 1 1 3 4 4 11 24 210 9 8 7 6 5 4 3 2 1 1 1 1 1 1 1 66 64 62 60 58 56 16 15 4 3 2 1 1 6
-1 -1 -1 -1 -1 -1 -1 -1 -1 -1 -1 -1 -1 -1 -1 -1 -1 -1 -1 -1 -1 -1 -1 -1 -1 -1 -1 -1 -1 -1 -1 -1 -1 -1 -1 -1 -1 -1 -1 -1 -1 -1 -1 4 10 8 5 3 9 4 4 4 4 4 3 3 3 2 283 1 4 5 5 12 250 225 14 4 3 2 1 1 1 1 1 1 97 95 93 91 89 87 20 19 17 14 13 3 2 1 10 9 8 7 6 5
-1 -1 -1 -1 -1 -1 -1 -1 -1 -1 -1 -1 -1 -1 -1 -1 -1 -1 -1 -1 -1 -1 -1 -1 -1 -1 -1 -1 -1 -1 -1 -1 -1 -1 -1 -1 -1 -1 -1 -1 -1 -1 -1 6 3 9 7 4 2 8 3 3 3 3 3 2 2 2 1 282 277 271 265 252 1 1 1 1 1 1 116 114 112 110 108 106 8 7 6 5 4 3 2 1 1 2 1 9 8 7 6 5 4 3 2 1
-1 -1 -1 -1 -1 -1 -1 -1 -1 -1 -1 -1 -1 -1 -1 -1 -1 -1 -1 -1 -1 -1 -1 -1 -1 -1 -1 -1 -1 -1 -1 -1 -1 -1 -1 -1 -1 -1 -1 -1 -1 -1 -1 5 5 2 8 6 3 1 7 2 2 2 2 2 1 1 1 1 2 1 2 1 157 155 153 138 136 134 17 16 15 14 13 12 11 10 9 8 7 6 5 4 3 2 1 1 2 1 7 6 5 4 3 2
-1 -1 -1 -1 -1 -1 -1 -1 -1 -1 -1 -1 -1 -1 -1 -1 -1 -1 -1 -1 -1 -1 -1 -1 -1 -1 -1 -1 -1 -1 -1 -1 -1 -1 -1 -1 -1 -1 -1 -1 -1 -1 -1 6 4 4 1 7 5 2 2 4 1 1 1 1 1 1 227 225 222 199 196 194 30 29 28 13 12 11 10 9 8 7 6 5 4 3 2 1 4 3 2 1 2 1 6 4 1 15 7 6 5 4 3 2
-1 -1 -1 -1 -1 -1 -1 -1 -1 -1 -1 -1 -1 -1 -1 -1 -1 -1 -1 -1 -1 -1 -1 -1 -1 -1 -1 -1 -1 -1 -1 -1 -1 -1 -1 -1 -1 -1 -1 -1 -1 -1 -1 2 5 3 3 3 3 4 1 1 3 2 1 1 2 237 9 8 4 22 7 1 6 4 2 27 17 16 15 14 13 12 11 10 9 8 7 6 1 1 1 3 1 7 24 23 22 6 5 4 3 2 1 1
-1 -1 -1 -1 -1 -1 -1 -1 -1 -1 -1 -1 -1 -1 -1 -1 -1 -1 -1 -1 -1 -1 -1 -1 -1 -1 -1 -1 -1 -1 -1 -1 -1 -1 -1 -1 -1 -1 -1 -1 -1 -1 -1 -1 1 4 2 2 2 2 3 2 1 1 2 269 266 24 19 14 3 3 14 6 1 1 1 1 9 8 7 6 5 4 3 2 1 1 1 2 1 3 42 38 36 28 3 2 1 1 1 1 1 1 1 2
-1 -1 -1 -1 -1 -1 -1 -1 -1 -1 -1 -1 -1 -1 -1 -1 -1 -1 -1 -1 -1 -1 -1 -1 -1 -1 -1 -1 -1 -1 -1 -1 -1 -1 -1 -1 -1 -1 -1 -1 -1 -1 -1 -1 2 2 1 1 1 1 1 278 277 275 272 2 1 4 4 4 13 2 2 13 4 3 2 1 5 4 3 2 1 2 1 1 4 2 3 1 1 47 1 1 1 1 1 1 1 7 4 2 2 2 3 3
-1 -1 -1 -1 -1 -1 -1 -1 -1 -1 -1 -1 -1 -1 -1 -1 -1 -1 -1 -1 -1 -1 -1 -1 -1 -1 -1 -1 -1 -1 -1 -1 -1 -1 -1 -1 -1 -1 -1 -1 -1 -1 -1 -1 1 1 1 1 1 1 280 1 16 15 14 5 4 3 3 3 3 12 1 1 12 11 10 9 3 2 1 12 11 8 7 5 1 4 2 2 48 1 1 3 2 2 2 2 8 2 1 6 3 4 4 1
-1 -1 -1 -1 -1 -1 -1 -1 -1 -1 -1 -1 -1 -1 -1 -1 -1 -1 -1 -1 -1 -1 -1 -1 -1 -1 -1 -1 -1 -1 -1 -1 -1 -1 -1 -1 -1 -1 -1 -1 -1 -1 -1 -1 1 1 2 2 2 281 21 20 3 2 1 8 6 3 2 2 2 2 11 9 7 5 4 3 2 1 13 1 1 1 1 2 1 7 3 1 49 46 43 21 18 15 12 9 3 1 7 1 5 5 28 26
-1 -1 -1 -1 -1 -1 -1 -1 -1 -1 -1 -1 -1 -1 -1 -1 -1 -1 -1 -1 -1 -1 -1 -1 -1 -1 -1 -1 -1 -1 -1 -1 -1 -1 -1 -1 -1 -1 -1 -1 -1 -1 -1 -1 2 3 3 3 282 35 13 12 11 10 2 1 1 2 2 1 1 1 1 1 1 1 1 1 1 14 1 4 1 6 3 2 8 105 101 99 49 2 1 18 17 16 15 14 10 8 2 6 6 37 8 7
-1 -1 -1 -1 -1 -1 -1 -1 -1 -1 -1 -1 -1 -1 -1 -1 -1 -1 -1 -1 -1 -1 -1 -1 -1 -1 -1 -1 -1 -1 -1 -1 -1 -1 -1 -1 -1 -1 -1 -1 -1 -1 -1 -1 4 4 4 325 42 6 5 4 3 1 7 5 3 1 1 1 1 1 1 1 1 2 2 17 15 1 6 1 129 122 121 118 109 3 2 1 1 1 1 1 2 1 3 2 1 3 7 7 38 4 3 2
-1 -1 -1 -1 -1 -1 -1 -1 -1 -1 -1 -1 -1 -1 -1 -1 -1 -1 -1 -1 -1 -1 -1 -1 -1 -1 -1 -1 -1 -1 -1 -1 -1 -1 -1 -1 -1 -1 -1 -1 -1 -1 -1 -1 342 337 332 6 5 4 3 2 1 1 1 1 1 1 1 9 7 5 3 1 4 3 21 3 2 7 146 144 14 12 10 8 6 4 2 1 3 2 2 3 1 4 1 1 4 8 8 39 6 1 1 1
-1 -1 -1 -1 -1 -1 -1 -1 -1 -1 -1 -1 -1 -1 -1 -1 -1 -1 -1 -1 -1 -1 -1 -1 -1 -1 -1 -1 -1 -1 -1 -1 -1 -1 -1 -1 -1 -1 -1 -1 -1 -1 -1 -1 2 1 1 1 1 1 1 1 1 20 18 17 15 14 12 2 1 2 1 5 186 182 160 159 158 150 3 2 1 1 1 1 1 1 1 1 13 7 4 2 5 4 2 1 13 9 40 7 3 2 2 1
-1 -1 -1 -1 -1 -1 -1 -1 -1 -1 -1 -1 -1 -1 -1 -1 -1 -1 -1 -1 -1 -1 -1 -1 -1 -1 -1 -1 -1 -1 -1 -1 -1 -1 -1 -1 -1 -1 -1 -1 -1 -1 -1 -1 -1 1 41 38 36 34 32 30 27 5 3 1 1 6 5 4 3 1 193 187 10 9 8 7 6 5 4 3 2 1 1 1 1 1 1 2 14 1 3 13 7 2 1 15 10 41 8 4 1 3 1 2
-1 -1 -1 -1 -1 -1 -1 -1 -1 -1 -1 -1 -1 -1 -1 -1 -1 -1 -1 -1 -1 -1 -1 -1 -1 -1 -1 -1 -1 -1 -1 -1 -1 -1 -1 -1 -1 -1 -1 -1 -1 -1 -1 -1 -1 50 8 7 6 5 4 3 1 1 1 1 7 1 1 3 2 213 19 18 7 6 5 4 3 2 1 1 1 1 3 2 2 2 1 17 2 18 14 1 1 1 16 11 42 1 9 5 2 5 1 3
-1 -1 -1 -1 -1 -1 -1 -1 -1 -1 -1 -1 -1 -1 -1 -1 -1 -1 -1 -1 -1 -1 -1 -1 -1 -1 -1 -1 -1 -1 -1 -1 -1 -1 -1 -1 -1 -1 -1 -1 -1 -1 -1 -1 -1 7 6 5 4 3 2 1 2 1 1 8 2 2 4 1 220 6 5 4 3 2 1 1 1 1 1 3 2 4 3 3 3 2 1 20 19 1 2 1 75 72 55 43 1 12 1 8 6 2 1 10
-1 -1 -1 -1 -1 -1 -1 -1 -1 -1 -1 -1 -1 -1 -1 -1 -1 -1 -1 -1 -1 -1 -1 -1 -1 -1 -1 -1 -1 -1 -1 -1 -1 -1 -1 -1 -1 -1 -1 -1 -1 -1 -1 -1 -1 7 6 5 4 3 2 1 1 2 9 3 235 232 227 225 4 3 2 1 1 1 1 3 2 2 1 6 5 4 4 4 3 1 2 40 2 168 165 163 87 86 85 84 82 68 65 52 3 2 11 6
-1 -1 -1 -1 -1 -1 -1 -1 -1 -1 -1 -1 -1 -1 -1 -1 -1 -1 -1 -1 -1 -1 -1 -1 -1 -1 -1 -1 -1 -1 -1 -1 -1 -1 -1 -1 -1 -1 -1 -1 -1 -1 -1 -1 -1 11 10 9 8 7 6 5 3 10 4 242 6 5 4 3 2 1 1 1 2 2 5 3 3 2 1 7 10 5 1 8 2 3 41 173 170 1 1 7 6 5 4 3 2 1 2 4 42 39 7 19
-1 -1 -1 -1 -1 -1 -1 -1 -1 -1 -1 -1 -1 -1 -1 -1 -1 -1 -1 -1 -1 -1 -1 -1 -1 -1 -1 -1 -1 -1 -1 -1 -1 -1 -1 -1 -1 -1 -1 -1 -1 -1 -1 -1 -1 7 6 5 4 3 2 1 265 254 249 6 5 4 3 2 1 1 1 3 3 3 6 7 1 4 1 18 6 2 9 3 4 42 174 1 1 16 14 6 5 4 3 2 1 1 1 1 2 1 20 13
-1 -1 -1 -1 -1 -1 -1 -1 -1 -1 -1 -1 -1 -1 -1 -1 -1 -1 -1 -1 -1 -1 -1 -1 -1 -1 -1 -1 -1 -1 -1 -1 -1 -1 -1 -1 -1 -1 -1 -1 -1 -1 -1 -1 -1 274 273 272 271 270 269 268 2 1 1 1 1 1 1 1 2 1 1 5 4 4 14 2 5 2 1 25 3 10 4 5 43 177 2 26 24 7 6 5 4 3 2 1 1 1 1 3 2 1 15 1
-1 -1 -1 -1 -1 -1 -1 -1 -1 -1 -1 -1 -1 -1 -1 -1 -1 -1 -1 -1 -1 -1 -1 -1 -1 -1 -1 -1 -1 -1 -1 -1 -1 -1 -1 -1 -1 -1 -1 -1 -1 -1 -1 -1 -1 3 2 1 1 1 1 1 1 7 4 2 2 1 2 4 1 2 1 7 5 19 3 6 3 2 1 29 11 5 6 44 213 35 34 7 6 5 4 3 2 1 5 4 2 2 4 3 2 1 16 2
-1 -1 -1 -1 -1 -1 -1 -1 -1 -1 -1 -1 -1 -1 -1 -1 -1 -1 -1 -1 -1 -1 -1 -1 -1 -1 -1 -1 -1 -1 -1 -1 -1 -1 -1 -1 -1 -1 -1 -1 -1 -1 -1 -1 -1 -1 1 23 21 18 15 11 9 1 1 1 3 2 3 5 2 3 2 13 20 4 7 4 3 1 43 12 281 275 268 223 9 8 7 6 5 4 3 2 1 11 5 4 3 5 4 1 1 1 19 5
-1 -1 -1 -1 -1 -1 -1 -1 -1 -1 -1 -1 -1 -1 -1 -1 -1 -1 -1 -1 -1 -1 -1 -1 -1 -1 -1 -1 -1 -1 -1 -1 -1 -1 -1 -1 -1 -1 -1 -1 -1 -1 -1 -1 -1 -1 29 4 2 1 1 2 1 1 1 2 4 3 4 6 3 4 16 21 5 8 5 4 2 44 1 282 1 1 23 22 21 20 19 18 17 16 15 14 13 1 1 1 6 5 1 4 1 1 28 2
-1 -1 -1 -1 -1 -1 -1 -1 -1 -1 -1 -1 -1 -1 -1 -1 -1 -1 -1 -1 -1 -1 -1 -1 -1 -1 -1 -1 -1 -1 -1 -1 -1 -1 -1 -1 -1 -1 -1 -1 -1 -1 -1 -1 -1 -1 1 1 1 1 1 1 1 1 3 3 5 4 5 10 5 1 38 6 9 6 5 3 45 1 284 33 31 29 5 4 3 2 1 1 1 1 1 1 1 25 23 21 14 8 6 1 1 30 1 1
-1 -1 -1 -1 -1 -1 -1 -1 -1 -1 -1 -1 -1 -1 -1 -1 -1 -1 -1 -1 -1 -1 -1 -1 -1 -1 -1 -1 -1 -1 -1 -1 -1 -1 -1 -1 -1 -1 -1 -1 -1 -1 -1 -1 -1 -1 1 1 1 2 2 1 2 1 5 4 6 5 6 16 2 1 45 10 7 6 4 46 2 285 5344 5310 5309 3 2 1 1 1 1 46 43 41 39 37 35 9 6 4 2 1 1 2 32 1 2 4976
-1 -1 -1 -1 -1 -1 -1 -1 -1 -1 -1 -1 -1 -1 -1 -1 -1 -1 -1 -1 -1 -1 -1 -1 -1 -1 -1 -1 -1 -1 -1 -1 -1 -1 -1 -1 -1 -1 -1 -1 -1 -1 -1 -1 -1 -1 2 2 1 3 3 2 3 1 11 7 1 12 17 3 2 1 56 8 7 5 47 3 286 5347 2 1 1 5305 5301 5294 5282 5271 5266 9 8 7 6 5 4 2 2 1 1 2 3 37 4 3 4994 5
-1 -1 -1 -1 -1 -1 -1 -1 -1 -1 -1 -1 -1 -1 -1 -1 -1 -1 -1 -1 -1 -1 -1 -1 -1 -1 -1 -1 -1 -1 -1 -1 -1 -1 -1 -1 -1 -1 -1 -1 -1 -1 -1 -1 -1 -1 5 2 1 4 4 3 5 1 19 2 1 34 4 3 2 1 65 8 6 48 1 5677 5380 32 29 25 15 2 3 6 10 9 3 5210 5087 5085 3 2 1 1 1 1 47 44 40 2 1 4996 1 12
-1 -1 -1 -1 -1 -1 -1 -1 -1 -1 -1 -1 -1 -1 -1 -1 -1 -1 -1 -1 -1 -1 -1 -1 -1 -1 -1 -1 -1 -1 -1 -1 -1 -1 -1 -1 -1 -1 -1 -1 -1 -1 -1 -1 -1 -1 8 2 1 5 8 6 2 1 22 2 35 1 4 3 1 5838 5771 5762 5755 5706 5695 2 7 4 2 3 8 12 1 2 5 9 8 2 122 1 5081 5079 5074 51 50 49 1 5010 5002 5001 5000 3 1 8
-1 -1 -1 -1 -1 -1 -1 -1 -1 -1 -1 -1 -1 -1 -1 -1 -1 -1 -1 -1 -1 -1 -1 -1 -1 -1 -1 -1 -1 -1 -1 -1 -1 -1 -1 -1 -1 -1 -1 -1 -1 -1 -1 -1 -1 -1 3 2 6 9 7 3 1 2 6059 6034 5998 5996 5991 5987 5978 139 16 15 2 1 9 15 1 2 3 1 2 7 11 10 1 4 8 7 1 121 6 1 4 5022 5020 5016 5015 3 7 5 2 1 1 1
-1 -1 -1 -1 -1 -1 -1 -1 -1 -1 -1 -1 -1 -1 -1 -1 -1 -1 -1 -1 -1 -1 -1 -1 -1 -1 -1 -1 -1 -1 -1 -1 -1 -1 -1 -1 -1 -1 -1 -1 -1 -1 -1 -1 -1 -1 -1 1 16 1 11 2 1 6143 78 22 21 20 17 1 7 6 122 4 12 3 2 8 14 1 1 2 1 1 6 1 9 6 3 7 6 3 111 5 2 3 1 3 1 1 2 1 2 1 1 1
-1 -1 -1 -1 -1 -1 -1 -1 -1 -1 -1 -1 -1 -1 -1 -1 -1 -1 -1 -1 -1 -1 -1 -1 -1 -1 -1 -1 -1 -1 -1 -1 -1 -1 -1 -1 -1 -1 -1 -1 -1 -1 -1 -1 -1 -1 -1 17 6188 6186 6174 6162 6147 3 3 55 50 8 2 15 10 5 5 117 3 8 1 1 7 12 11 4 3 2 1 4 2 2 5 2 6 5 2 110 2 1 2 1 1 74 1 1 65 57 55 53
-1 -1 -1 -1 -1 -1 -1 -1 -1 -1 -1 -1 -1 -1 -1 -1 -1 -1 -1 -1 -1 -1 -1 -1 -1 -1 -1 -1 -1 -1 -1 -1 -1 -1 -1 -1 -1 -1 -1 -1 -1 -1 -1 -1 -1 -1 -1 6204 15 6 5 9 13 12 2 2 4 41 7 1 4 4 4 4 116 2 6 2 1 6 4 6 5 4 2 1 1 1 1 4 1 5 4 1 109 1 83 82 77 2 72 68 1 7 2 1
-1 -1 -1 -1 -1 -1 -1 -1 -1 -1 -1 -1 -1 -1 -1 -1 -1 -1 -1 -1 -1 -1 -1 -1 -1 -1 -1 -1 -1 -1 -1 -1 -1 -1 -1 -1 -1 -1 -1 -1 -1 -1 -1 -1 -1 -1 -1 2 1 8 4 4 8 3 11 1 1 3 40 6 3 3 3 3 3 115 1 3 2 1 1 3 2 1 1 1 1 1 1 1 3 2 4 3 1 108 5 4 4 2 1 3 1 4 1 1
-1 -1 -1 -1 -1 -1 -1 -1 -1 -1 -1 -1 -1 -1 -1 -1 -1 -1 -1 -1 -1 -1 -1 -1 -1 -1 -1 -1 -1 -1 -1 -1 -1 -1 -1 -1 -1 -1 -1 -1 -1 -1 -1 -1 -1 -1 -1 9 4 3 3 3 3 4 2 10 3 2 2 39 2 2 2 2 2 2 114 112 1 1 1 1 1 1 13 11 9 7 5 3 2 1 1 3 1 19 7 1 3 1 1 1 1 2 1 32
-1 -1 -1 -1 -1 -1 -1 -1 -1 -1 -1 -1 -1 -1 -1 -1 -1 -1 -1 -1 -1 -1 -1 -1 -1 -1 -1 -1 -1 -1 -1 -1 -1 -1 -1 -1 -1 -1 -1 -1 -1 -1 -1 -1 -1 -1 -1 2 4 2 2 2 2 2 3 1 6 4 1 1 38 1 1 1 1 1 1 1 110 102 86 84 76 24 10 9 8 7 6 5 4 3 2 1 2 8 3 5 2 2 1 1 1 1 33 1
-1 -1 -1 -1 -1 -1 -1 -1 -1 -1 -1 -1 -1 -1 -1 -1 -1 -1 -1 -1 -1 -1 -1 -1 -1 -1 -1 -1 -1 -1 -1 -1 -1 -1 -1 -1 -1 -1 -1 -1 -1 -1 -1 -1 -1 -1 -1 1 1 1 1 1 1 1 1 2 1 1 3 2 1 37 36 35 28 25 19 13 7 6 14 8 6 50 11 10 9 8 7 6 5 4 3 2 1 2 5 2 2 1 1 3 4 1 36 1
